,Unnamed: 0,Price,Close,High,Low,Open,Volume,MA_5,MA_10,MA_15,MA_20,MA_25,MA_30,Normalised Close,Return Ratio,Percentage Change Open,Percentage Change High,Percentage Change Low,Sector,Sector Encoded,Stock_Movement_Label
0,0,Ticker,HONAUT.NS,HONAUT.NS,HONAUT.NS,HONAUT.NS,HONAUT.NS,,,,,,,,,,,,,,
1,1,Date,,,,,,,,,,,,,,,,,,,
2,2,2020-01-10,27012.619140625,27154.77286177512,26759.07489657621,26759.07489657621,1726,,,,,,,-1.8353616445744263,,-0.009386140704419,0.0052624930744435,-0.009386140704419,Capital Goods,1.0,
3,3,2020-01-13,26712.0859375,27303.109541778947,26551.333638089065,27303.109541778947,2826,,,,,,,-1.8808492073875869,-0.0111256595134464,0.0221257001666512,0.0221257001666512,-0.0060179612998796,Capital Goods,1.0,
4,4,2020-01-14,26511.76171875,26877.78230964319,26462.299476737408,26877.78230964319,18974,,,,,,,-1.9111695193818588,-0.0074993850805478,0.0138059701492536,0.0138059701492536,-0.0018656716417909,Capital Goods,1.0,
5,5,2020-01-15,27037.6953125,27471.280185762334,26521.655332484625,26521.655332484625,949,,,,,,,-1.8315662105544344,0.0198377459532627,-0.0190859455308973,0.0160363103530454,-0.0190859455308973,Capital Goods,1.0,1.0
6,6,2020-01-16,27622.8359375,27697.869781689464,26937.23894149441,26937.23894149441,2182,26979.399609375,,,,,,-1.7430015506185108,0.0216416605867098,-0.0248199351274733,0.0027163700482903,-0.0248199351274733,Capital Goods,1.0,1.0
7,7,2020-01-17,27674.865234375,27698.85442079301,27209.276782481742,27698.80418570547,2050,27111.848828125,,,,,,-1.7351265940908565,0.0018835610142536,0.0008650069703224,0.0008668221584766,-0.0168235128861603,Capital Goods,1.0,1.0
8,8,2020-01-20,27138.3984375,27902.54178340963,27095.416521488154,27858.568690426007,1313,27197.111328125,,,,,,-1.8163241684895723,-0.0193846218339901,0.0265369474394212,0.0281572749279754,-0.0015838044426547,Capital Goods,1.0,0.0
9,9,2020-01-21,26979.625,27233.86093060603,26913.44606414824,27132.662340068033,709,27290.683984375,,,,,,-1.8403555122354371,-0.0058505087492785,0.0056723301405423,0.0094232566466743,-0.0024529227463969,Capital Goods,1.0,0.0
10,10,2020-01-22,26667.66796875,27104.6186009893,26558.949567657488,27055.89828959317,771,27216.678515625,,,,,,-1.887572142233186,-0.0115626896685925,0.0145580903923849,0.016385033470168,-0.0040767869623962,Capital Goods,1.0,0.0
11,11,2020-01-23,26605.837890625,26758.973761140383,26511.76109495435,26708.620813532554,900,27013.27890625,26996.3392578125,,,,,-1.89693050774225,-0.0023185408711948,0.0038631718095136,0.0057557244069859,-0.003535945609283,Capital Goods,1.0,0.0
12,12,2020-01-24,26707.435546875,26906.47083905995,26511.76214150545,26906.47083905995,1693,26819.79296875,26965.8208984375,,,,,-1.8815530728289451,0.0038186226897894,0.0074524299360609,0.0074524299360609,-0.0073265516273967,Capital Goods,1.0,1.0
13,13,2020-01-27,27208.19140625,27352.621159933555,26610.440182528848,26704.665758134044,985,26833.7515625,27015.4314453125,,,,,-1.8057605701353097,0.0187496795975079,-0.0185063990692262,0.0053083187899942,-0.0219695317044793,Capital Goods,1.0,1.0
14,14,2020-01-28,27392.734375,27519.70356331694,26843.158633339073,27026.168928056883,3577,26916.3734375,27103.5287109375,,,,,-1.7778288481310314,0.0067826253496441,-0.0133818494322225,0.004635141077147,-0.0200628288559062,Capital Goods,1.0,1.0
15,15,2020-01-29,27647.859375,27698.85571971723,27342.677339659545,27362.512471692095,1137,27112.41171875,27164.5451171875,,,,,-1.739214098272991,0.0093136010632381,-0.0103207593556383,0.0018444952292886,-0.011038179527794,Capital Goods,1.0,1.0
16,16,2020-01-30,27593.552734375,27817.021610627184,27501.10663959687,27748.319325465716,1017,27309.9546875,27161.616796875,27100.877734375,,,,-1.7474337448907855,-0.0019642258696565,0.0056087953798682,0.0080985902179169,-0.0033502788012854,Capital Goods,1.0,0.0
17,17,2020-01-31,27701.08203125,27847.242960108117,27346.93236944827,27782.9420438592,586,27508.683984375,27164.2384765625,27146.775260416667,,,,-1.7311585194082215,0.0038968993195662,0.0029551196778829,0.005276361720933,-0.012784686944799,Capital Goods,1.0,1.0
18,18,2020-02-03,27468.064453125,27992.46469856792,27237.620636072043,27580.048130433395,1527,27560.65859375,27197.205078125,27197.173828125,,,,-1.7664271739572597,-0.0084118583477038,0.004076868157183,0.0190912703855716,-0.0083895178506741,Capital Goods,1.0,0.0
19,19,2020-02-04,32324.31640625,32961.63738112361,28983.883962471213,28983.883962471213,19696,28546.975,27731.67421875,27584.677473958334,,,,-1.0314033447851167,0.1767962923420515,-0.1033411627889183,0.0197164563935026,-0.1033411627889183,Capital Goods,1.0,1.0
20,20,2020-02-05,33653.515625,35117.451202014105,31908.093509608374,32249.382992194478,21183,29748.10625,28430.258984375,28025.732161458334,,,,-0.8302208054670012,0.0411207216896625,-0.0417232080134427,0.0435002272370794,-0.0518644808120734,Capital Goods,1.0,1.0
21,21,2020-02-06,34160.4140625,34791.64903017207,33733.60504513057,33911.32137824498,7255,31061.478515625,29185.7166015625,28461.570703125,28091.0279296875,,,-0.7534985855062206,0.0150622729330377,-0.0072918520191025,0.0184785514167702,-0.0124942577273372,Capital Goods,1.0,1.0
22,22,2020-02-07,33994.65625,34514.75171326306,33387.01262031035,34317.89199440552,2646,32320.193359375,29914.438671875,28882.890104166665,28440.12978515625,,,-0.7785870576932016,-0.0048523361630432,0.0095084280902391,0.0152993299722823,-0.0178746808092713,Capital Goods,1.0,0.0
23,23,2020-02-10,33880.3046875,34178.26837697084,33041.47515111101,34033.78836989472,1697,33602.64140625,30581.65,29332.350520833337,28798.54072265625,,,-0.7958948753583209,-0.0033638099370397,0.0045301742062358,0.0087945988744537,-0.0247586184400069,Capital Goods,1.0,0.0
24,24,2020-02-11,37449.5,38469.6589012498,33485.943085872255,33981.160676140316,11489,34627.678125,31587.3265625,30030.3421875,29345.42763671875,,,-0.2556750451312615,0.1053472023177182,-0.0926137685111866,0.0272409218080293,-0.1058373787134072,Capital Goods,1.0,1.0
25,25,2020-02-12,36473.60546875,39099.85354197331,36211.50581134498,37491.39160650162,14752,35191.69609375,32469.901171875,30684.071354166663,29817.22314453125,,,-0.4033827304308148,-0.0260589468818008,0.0279047306859652,0.072004070874579,-0.0071860090066935,Capital Goods,1.0,0.0
26,26,2020-02-13,36358.953125,37591.2044469367,36107.43761775849,36592.16760221607,3795,35631.40390625,33346.4412109375,31334.279036458334,30254.02900390625,29599.103125,,-0.4207360732021792,-0.0031434332382695,0.0064142242053639,0.0338912761789453,-0.006917567356156,Capital Goods,1.0,0.0
27,27,2020-02-14,36355.1953125,37393.45809442168,35578.44097170368,36404.21317128883,2121,36103.51171875,34211.8525390625,31977.463020833333,30688.0455078125,29972.806171875,,-0.4213048414126679,-0.0001033531545058,0.0013483040970481,0.0285588558388159,-0.0213657039693924,Capital Goods,1.0,0.0
28,28,2020-02-17,35709.7578125,36898.83002953765,35612.811824754834,36404.207643082715,1831,36469.40234375,35036.021875,32544.234114583334,31116.6134765625,30332.713046875,,-0.5189958070628358,-0.0177536523859102,0.0194470607789905,0.0332982436700093,-0.0027148318466396,Capital Goods,1.0,0.0
29,29,2020-02-18,35196.89453125,36255.831123368465,34821.42579925156,36250.88489811289,1816,36018.88125,35323.2796875,33064.511458333334,31527.476953125,30680.118359375,,-0.5966208430916164,-0.0143619927063878,0.0299455500520675,0.0300860802130789,-0.0106676664802081,Capital Goods,1.0,0.0
30,30,2020-02-19,34559.8125,35514.92836972485,34346.58000709119,35295.760407920796,1914,35636.12265625,35413.909375,33525.308333333334,31922.0841796875,30981.003046875,,-0.6930471567644088,-0.018100518234197,0.0212949045345889,0.0276366045019731,-0.0061699551439642,Capital Goods,1.0,0.0
31,31,2020-02-20,34529.1484375,34870.882311303205,34445.60747953368,34722.39510787965,1439,35270.16171875,35450.7828125,33987.681380208334,32318.24970703125,31257.255546875,30544.279557291666,-0.6976883526608079,-0.0008872751407433,0.0055966242761371,0.009896967902981,-0.0024194329065928,Capital Goods,1.0,0.0
32,32,2020-02-24,33662.9609375,34870.879068844304,33387.01187442539,34610.60721724823,2018,34731.71484375,35417.61328125,34385.139973958336,32666.0259765625,31496.779375,30765.9576171875,-0.828791198883881,-0.0250856896041863,0.0281510079136433,0.0358827060277606,-0.0081974091223568,Capital Goods,1.0,0.0
33,33,2020-02-25,33965.42578125,34063.65857175964,33634.326289127835,33634.326289127835,819,34382.8484375,35426.125390625,34818.29739583333,33003.8876953125,31769.86046875,31007.73561197917,-0.7830112702910047,0.0089850932694711,-0.0097481331237997,0.0028921407063258,-0.0097481331237997,Capital Goods,1.0,1.0
34,34,2020-02-26,33429.8984375,34079.484511677016,33328.9954644901,33842.06575165372,13378,34029.44921875,35024.165234375,34892.00286458333,33305.7458984375,32027.87140625,31238.340169270832,-0.8640666526370984,-0.0157668373480431,0.0123293020146111,0.0194312906870319,-0.0030183451857787,Capital Goods,1.0,0.0
35,35,2020-02-27,32962.078125,33713.45971733997,32249.377546516516,33609.5890227883,1815,33709.90234375,34673.0125,34845.90703125,33571.4568359375,32279.6478125,31435.81959635417,-0.9348741561969136,-0.0139940692124634,0.0196441163488778,0.0227953343684992,-0.0216218339080671,Capital Goods,1.0,0.0
36,36,2020-02-28,32722.2890625,32941.851168537105,30914.93884973972,32349.29354541537,3141,33348.53046875,34309.34609375,34750.03203125,33827.89365234375,32524.305859375,31605.8013671875,-0.9711677168716089,-0.007274694926414,-0.0113988210412848,0.0067098638978997,-0.0552330006408847,Capital Goods,1.0,0.0
37,37,2020-03-02,31875.693359375,33634.22283805889,31710.787023531833,32843.91671049071,2488,32991.076953125,33861.3958984375,34608.767838541666,34036.62421875,32731.036171875,31745.828971354167,-1.0993052232197278,-0.0258721418146509,0.0303749738146776,0.0551683522255583,-0.005173419570328,Capital Goods,1.0,0.0
38,38,2020-03-03,32488.87890625,33089.25004287798,31666.814527252925,32249.2826511497,4346,32695.767578125,33539.3080078125,34516.006119791666,34287.66494140625,32942.263671875,31924.1783203125,-1.0064957905528236,0.0192367751804418,-0.0073747160002559,0.0184792814292058,-0.0253029469366802,Capital Goods,1.0,1.0
39,39,2020-03-04,32229.896484375,32890.21745709301,31764.653833670818,32546.056836814543,3532,32455.7671875,33242.608203125,34168.032552083336,34282.9439453125,33135.75015625,32099.187369791667,-1.0456943851175766,-0.0079714176233141,0.0098095367012058,0.0204878403204964,-0.0144351270544641,Capital Goods,1.0,0.0
40,40,2020-03-05,33782.02734375,35102.37196199913,32448.227446892502,32645.087215251137,6663,32619.75703125,33164.8296875,33988.594010416666,34289.36953125,33381.116875,32336.332682291668,-0.8107697603974936,0.0481581087338419,-0.033655177557282,0.0390842327138607,-0.0394825296683759,Capital Goods,1.0,1.0
41,41,2020-03-06,34337.0390625,34622.532828766205,32160.352450243925,32645.08246256689,3420,32942.70703125,33145.61875,33853.79973958333,34298.20078125,33650.856328125,32594.039388020832,-0.7267652971429618,0.0164292010394302,-0.0492749708806697,0.0083144550043046,-0.0633917970706235,Capital Goods,1.0,1.0
42,42,2020-03-09,33546.6328125,34237.767241472655,33244.565325539734,34237.767241472655,3122,33276.894921875,33133.9859375,33666.562239583334,34275.799609375,33884.678359375,32822.01263020833,-0.8463981815328957,-0.0230190567265077,0.020602199715112,0.020602199715112,-0.009004405558334,Capital Goods,1.0,0.0
43,43,2020-03-11,33371.0859375,34722.494898607874,33067.58870310979,34722.494898607874,2846,33453.336328125,33074.551953125,33510.65078125,34250.338671875,34120.79921875,33027.44244791667,-0.8729682889958481,-0.0052329208711101,0.0404964034924995,0.0404964034924995,-0.009094616667813,Capital Goods,1.0,0.0
44,44,2020-03-12,30684.447265625,32634.14841215637,29776.27025014794,32353.25310734513,6661,33144.246484375,32800.0068359375,33209.820963541664,33912.08603515625,34055.204453125,33137.1662109375,-1.2796077021203616,-0.0805079785808214,0.0543860486478324,0.0635403704571719,-0.0295973073138738,Capital Goods,1.0,0.0
45,45,2020-03-13,31354.759765625,32645.080934249345,26709.61167347674,29182.723865465323,4322,32658.79296875,32639.275,32996.15078125,33656.14375,33963.25421875,33260.72955729167,-1.178151751060223,0.0218453503234824,-0.0692729243150168,0.041152321952693,-0.1481481002205238,Capital Goods,1.0,1.0
46,46,2020-03-16,29590.044921875,30467.752423339596,28897.96960469254,30467.752423339596,3231,31709.394140625,32326.0505859375,32666.877213541666,33317.69833984375,33780.439453125,33327.279296875,-1.445252279280419,-0.0562821994791585,0.0296622564711193,0.0296622564711193,-0.0233887890001421,Capital Goods,1.0,0.0
47,47,2020-03-17,28773.8671875,30466.959735438915,28589.175948252767,29776.269759252882,2278,30754.841015625,32015.86796875,32340.937630208333,32938.63193359375,33571.607890625,33363.038802083334,-1.5687858375463393,-0.0275828487766716,0.0348372558064891,0.0588413276848109,-0.0064187145246665,Capital Goods,1.0,0.0
48,48,2020-03-18,26588.826171875,29344.317635552034,26313.91462476615,28774.166717690714,4457,29398.3890625,31425.8626953125,31849.164322916666,32482.5853515625,33279.94875,33333.730859375,-1.899505336803246,-0.0759383853893031,0.0821901851435364,0.103633437815759,-0.010339363811391,Capital Goods,1.0,0.0
49,49,2020-03-19,24459.4765625,26808.537146888026,22159.086054992316,25423.594268451005,11467,28153.394921875,30648.820703125,31251.136197916665,31945.714453125,32760.3478125,33071.56953125,-2.2217955965830876,-0.0800843781372858,0.0394169394217185,0.0960388738649249,-0.0940490489086967,Capital Goods,1.0,0.0
50,50,2020-03-20,24914.82421875,26709.611993041064,23679.70367232093,24434.34874918942,6184,26865.4078125,29762.100390625,30714.652604166666,31463.4650390625,32297.9965625,32780.27981770833,-2.152875906844572,0.0186164104978483,-0.0192847224344048,0.0720369430878975,-0.0495737210740407,Capital Goods,1.0,1.0
51,51,2020-03-23,19931.8984375,24533.272328266456,19931.8984375,22752.631594763243,10458,24933.778515625,28321.586328125,29861.959895833337,30733.6025390625,31640.914375,32305.995963541667,-2.9070726049500113,-0.1999984321583144,0.1415185395464537,0.2308547730761763,0.0,Capital Goods,1.0,0.0
52,52,2020-03-24,21562.619140625,22505.31919993477,20081.669439941794,20774.140799939785,6368,23491.52890625,27123.1849609375,29174.421614583334,30128.58544921875,31049.211328125,31891.5947265625,-2.660252920326788,0.0818146203302416,-0.0365669094066445,0.043719181476135,-0.0686813457597563,Capital Goods,1.0,1.0
53,53,2020-03-25,23836.6484375,24606.47805885524,20827.118089564312,21565.539184813224,4785,22941.093359375,26169.7412109375,28597.60625,29622.14658203125,30574.286953125,31556.806184895835,-2.316064493207987,0.1054616455470671,-0.0952780445892657,0.0322960513250736,-0.1262564389379956,Capital Goods,1.0,1.0
54,54,2020-03-26,25483.9375,27204.234356197354,23989.138242645815,23989.188477737665,5907,23145.985546875,25649.690234375,28147.875651041668,29224.84853515625,30185.768671875,31157.9541015625,-2.066737084712843,0.0691074110867227,-0.0586545553355848,0.0675051434338729,-0.058656526580878,Capital Goods,1.0,1.0
55,55,2020-03-27,24639.220703125,27462.27827242451,24236.499499899433,26509.784228502245,5948,23090.86484375,24978.136328125,27538.355208333334,28808.7056640625,29788.945,30763.474609375,-2.1945902069557173,-0.0331470282751635,0.0759181285770129,0.1145757653342283,-0.0163447216159109,Capital Goods,1.0,0.0
56,56,2020-03-30,23745.685546875,24137.72406930717,22752.63245128894,24073.769000797478,2650,23853.622265625,24393.700390625,26832.264973958332,28359.87548828125,29357.606484375,30343.032356770833,-2.329832290436203,-0.0362647490769329,0.013816550096009,0.0165098843601827,-0.0418203590553631,Capital Goods,1.0,0.0
57,57,2020-03-31,25612.14453125,26017.09155902478,24251.339584898506,24977.445367289514,4270,24663.52734375,24077.528125,26303.299088541666,28046.698046875,29035.573828125,29984.9306640625,-2.047332155984726,0.0786020256475868,-0.0247811800056834,0.0158107427232692,-0.05313123798326,Capital Goods,1.0,1.0
58,58,2020-04-01,25173.95703125,26213.999215300835,24884.454140189915,25710.37504983549,3702,24930.9890625,23936.0412109375,25756.823828125,27680.951953125,28683.915078125,29633.7373046875,-2.113654549726696,-0.0171085829796625,0.0213084505514806,0.0413142114590792,-0.01150009474874,Capital Goods,1.0,0.0
59,59,2020-04-03,24334.484375,25471.719871630026,24117.789517094236,25471.07647605178,2288,24701.0984375,23923.5419921875,25333.49296875,27286.18134765625,28320.098515625,29271.65696614583,-2.2407139387860147,-0.0333468693542262,0.0467070550391219,0.046733494702619,-0.0089048469064084,Capital Goods,1.0,0.0
60,60,2020-04-07,25958.873046875,26214.988928909897,24711.336733742235,25670.904253026863,3334,24965.02890625,24027.946875,24973.7671875,26895.0236328125,28039.9703125,28984.958984375,-1.9948526463345189,0.0667525412432331,-0.0110932702405123,0.0098662172881087,-0.0480581846091715,Capital Goods,1.0,1.0
61,61,2020-04-08,26581.40625,26808.536490075152,25501.99130301734,25619.464133578094,2511,25532.173046875,24692.89765625,24773.191276041667,26507.2419921875,27794.335,28720.034244791663,-1.9006283879631456,0.0239815188433205,-0.0361885337207058,0.0085447036902026,-0.0406078947377984,Capital Goods,1.0,1.0
62,62,2020-04-09,27475.630859375,27896.70329392136,26324.84354553211,26600.74237390359,4477,25904.8703125,25284.198828125,24686.6421875,26203.69189453125,27618.3325,28513.789908854167,-1.7652819514793838,0.0336409820069244,-0.0318423438555146,0.0153253054207009,-0.0418839268780694,Capital Goods,1.0,1.0
63,63,2020-04-13,26571.1171875,27832.255622613244,25522.517626116904,27687.97464485992,4479,26184.30234375,25557.645703125,24685.461588541668,25863.69345703125,27381.62203125,28267.312955729165,-1.9021857013378096,-0.0329205788396436,0.0420327624720773,0.047462755375093,-0.0394638868205509,Capital Goods,1.0,0.0
64,64,2020-04-15,26235.119140625,27086.563338051186,26066.899213991528,27001.98290379739,3565,26564.429296875,25632.7638671875,24803.837760416667,25641.22705078125,27141.8309375,28027.486979166668,-1.9530410880418505,-0.0126452359719773,0.029230428078556,0.0324543674782755,-0.0064120130627873,Capital Goods,1.0,0.0
65,65,2020-04-16,26513.4453125,26808.53785069306,25938.744237954248,26121.012617990786,3386,26675.34375,25820.186328125,24910.4125,25399.161328125,26851.08765625,27812.532552083332,-1.9109146970339164,0.0106089158727704,-0.0148012711997184,0.0111299204880754,-0.0216758353270219,Capital Goods,1.0,1.0
66,66,2020-04-17,27096.05859375,27415.93051489613,26825.35136654537,27204.232126710092,3542,26778.27421875,26155.2236328125,25388.023177083334,25274.46201171875,26561.4484375,27624.991536458332,-1.8227325662374791,0.0219742577542467,0.0039922239090908,0.0118051088515105,-0.0099906496093521,Capital Goods,1.0,1.0
67,67,2020-04-20,28032.037109375,28549.559059962136,26956.975158529414,27352.622903961706,3157,26889.55546875,26397.212890625,25819.317708333332,25237.3705078125,26340.864609375,27496.869661458335,-1.6810664172777163,0.0345429765139677,-0.0242370614294767,0.0184618031350298,-0.0383511889147022,Capital Goods,1.0,1.0
68,68,2020-04-21,27527.86328125,27975.84239369416,27207.249434300466,27698.853855142737,2031,27080.9046875,26632.603515625,26065.398697916666,25284.32236328125,26107.135703125,27331.502473958335,-1.7573762507241353,-0.0179856293054201,0.0062115454492686,0.0162736609037612,-0.0116468846010258,Capital Goods,1.0,0.0
69,69,2020-04-22,27658.94140625,28677.220252175623,27303.159093450868,27560.36276607033,4184,27365.669140625,26965.04921875,26210.398958333335,25444.29560546875,25986.11546875,27179.1373046875,-1.7375367641636807,0.0047616527174951,-0.0035640785643875,0.036815539357393,-0.0128631934090845,Capital Goods,1.0,1.0
70,70,2020-04-23,27288.96484375,28192.49131593199,27038.58733789469,27658.299052673516,3064,27520.773046875,27098.0583984375,26387.048567708334,25563.00263671875,25823.483671875,26962.70188802083,-1.7935350097855336,-0.0133763818747017,0.0135341963697865,0.0331095912708805,-0.0091750459311634,Capital Goods,1.0,0.0
71,71,2020-04-24,27449.07421875,27806.587729695162,26773.518456743368,27133.999702535137,5053,27591.376171875,27184.8251953125,26633.941145833334,25938.86142578125,25737.84484375,26733.103059895835,-1.7693014636197235,0.0058671838934436,-0.0114785115776196,0.0130246108883682,-0.0246112403144427,Capital Goods,1.0,1.0
72,72,2020-04-27,27111.740234375,27895.666579135675,26817.4398779002,27698.857079981026,4408,27407.316796875,27148.4361328125,26733.914192708333,26216.31748046875,25671.359765625,26518.606640625,-1.8203590527437092,-0.0122894485142443,0.0216554467006002,0.0289146450203419,-0.0108550891211939,Capital Goods,1.0,0.0
73,73,2020-04-28,27336.103515625,27688.966419875247,26793.74996651115,27402.085381584293,3672,27368.96484375,27224.934765625,26878.057291666668,26391.290234375,25701.250859375,26317.440559895833,-1.7864002796607188,0.008275502764132,0.0024137260791969,0.0129083102150442,-0.0198401922499249,Capital Goods,1.0,1.0
74,74,2020-04-29,27912.287109375,28538.72644953118,27204.23506402674,27500.019292541067,6504,27419.633984375,27392.6515625,27116.577473958332,26512.70771484375,25839.36328125,26225.035221354166,-1.6991913219146604,0.0210777513854767,-0.0147701195254423,0.0224431390269619,-0.0253670379132222,Capital Goods,1.0,1.0
75,75,2020-04-30,28336.029296875,29064.01500118064,27698.857046734443,28430.898268683854,8087,27629.046875,27574.9099609375,27275.054557291667,26697.54814453125,25976.211484375,26124.41087239583,-1.6350553157427392,0.0151812062494039,0.0033479980845205,0.0256911685359502,-0.0224862927499452,Capital Goods,1.0,1.0
76,76,2020-05-04,27153.68359375,28093.56474776248,26818.42812464667,28093.56474776248,3983,27569.96875,27580.6724609375,27313.206380208332,26867.948046875,26265.082890625,26043.198828125,-1.8140106653631252,-0.0417258780592591,0.0346133941926323,0.0346133941926323,-0.0123465926067023,Capital Goods,1.0,0.0
77,77,2020-05-05,27045.064453125,27664.182978071072,26820.40732613168,27253.746820918313,4359,27556.63359375,27481.9751953125,27284.501953125,26939.59404296875,26484.380703125,25985.5720703125,-1.8304508454514337,-0.0040001622708014,0.0077160980020958,0.0228921075791532,-0.0083067698870785,Capital Goods,1.0,0.0
78,78,2020-05-06,26755.01953125,27451.54649203492,26511.76381933462,27105.310770513755,9316,27440.416796875,27404.6908203125,27296.762109375,27018.64716796875,26601.115546875,25991.111848958335,-1.874350941897482,-0.0107245047382937,0.013092542834985,0.0260335059733882,-0.0090919654022773,Capital Goods,1.0,0.0
79,79,2020-05-07,26621.125,27092.104108404346,26076.692525973274,26670.04238724327,5798,27182.184375,27300.9091796875,27322.495833333334,27132.97919921875,26646.603046875,26063.166796875,-1.89461670899823,-0.0050044639695968,0.0018375401957382,0.0176919310661869,-0.0204511444962121,Capital Goods,1.0,0.0
80,80,2020-05-08,26292.890625,27252.705406692374,26215.97684063867,27006.383447773125,3482,26773.556640625,27201.3017578125,27307.7921875,27149.680078125,26712.74984375,26109.10234375,-1.9442970158495196,-0.0123298461278402,0.0271363401213373,0.0365047265202462,-0.0029252692470488,Capital Goods,1.0,0.0
81,81,2020-05-11,26639.623046875,26808.48637733894,26160.679745288537,26660.14987841404,4465,26670.74453125,27120.356640625,27277.363151041667,27152.59091796875,26828.50734375,26332.6931640625,-1.8918169149641664,0.0131873070488992,0.0007705376124473,0.0063388032993862,-0.0179786065569965,Capital Goods,1.0,1.0
82,82,2020-05-12,26558.109375,26709.315073350903,26056.710977857838,26610.688128488073,2900,26573.353515625,27064.9935546875,27179.101302083334,27106.71484375,26866.3459375,26499.209505208335,-1.9041545143741168,-0.0030598658146013,0.0019797626685567,0.0056933909042953,-0.0188792955877402,Capital Goods,1.0,0.0
83,83,2020-05-13,27598.150390625,27674.125169299263,26914.38511103217,27599.931804234115,3077,26741.9796875,27091.1982421875,27183.787109375,27158.06650390625,26963.313671875,26624.592903645833,-1.7467378611238986,0.0391609583701776,6.454829703805842e-05,0.0027528938569765,-0.0247757646767916,Capital Goods,1.0,1.0
84,84,2020-05-14,27355.8359375,27650.38360008543,27105.30967200962,27105.30967200962,2107,26888.921875,27035.553125,27163.580078125,27214.10234375,27084.167734375,26686.98951822917,-1.783413655320507,-0.0087800975679628,-0.0091580555630893,0.0107672696699303,-0.0091580555630893,Capital Goods,1.0,0.0
85,85,2020-05-15,27100.80859375,27590.04043497758,26972.751613485074,27590.04043497758,1797,27050.50546875,26912.0310546875,27151.036328125,27243.4705078125,27129.84515625,26769.042447916665,-1.822013624299897,-0.0093225936992991,0.0180522968359109,0.0180522968359109,-0.0047252088372912,Capital Goods,1.0,0.0
86,86,2020-05-18,26587.884765625,27189.098349607062,26353.483960974343,27100.80824286844,5987,27040.1578125,26855.451171875,27093.623697916668,27218.06181640625,27130.104296875,26863.782421875,-1.8996478244734412,-0.0189265138104879,0.0192916240522671,0.0226123134383131,-0.0088160756945099,Capital Goods,1.0,0.0
87,87,2020-05-19,26741.61328125,27350.642274306327,26610.687108609673,26954.944324735923,2732,27076.85859375,26825.1060546875,27068.948567708332,27153.540625,27100.74359375,26901.431380208334,-1.8763800609186847,0.0057819009289431,0.0079774934010994,0.02277457932889,-0.0048959713560784,Capital Goods,1.0,1.0
88,88,2020-05-20,26508.0,26954.941561062693,26462.347899444114,26685.02651130998,961,26858.828515625,26800.4041015625,27013.741666666665,27102.5474609375,27098.21890625,26945.899479166663,-1.9117388788274936,-0.0087359456885796,0.0066782296404852,0.0168606292840913,-0.0017222008659983,Capital Goods,1.0,0.0
89,89,2020-05-21,26415.806640625,26887.626224188538,26363.376660774302,26887.626224188538,7247,26670.82265625,26779.872265625,26913.976302083334,27040.39072265625,27105.44640625,27015.276888020835,-1.9256929151267117,-0.0034779447478119,0.0178612597367338,0.0178612597367338,-0.0019847957158373,Capital Goods,1.0,0.0
90,90,2020-05-22,26495.04296875,27055.84625245033,26412.83710933908,26699.718111650254,1412,26549.66953125,26800.0875,26791.243880208334,27000.69462890625,27104.7103125,27033.14921875,-1.9137000058069016,0.0029995801075838,0.0077250353261046,0.0211663473941816,-0.0031026882842907,Capital Goods,1.0,1.0
91,91,2020-05-26,26437.62109375,27402.084669214702,26317.872221652993,26709.562980385734,3237,26519.616796875,26779.8873046875,26743.506380208335,26950.12197265625,27078.3728125,27028.356380208337,-1.922391162453662,-0.0021672686120089,0.0102861708196591,0.036480724647828,-0.0045294874176601,Capital Goods,1.0,0.0
92,92,2020-05-27,26075.01171875,26603.36703386402,25720.713271090925,26595.849159041438,7707,26386.296484375,26731.5775390625,26678.836197916666,26898.285546875,27000.091796875,26981.669075520833,-1.977274338590087,-0.0137156582172865,0.0199745812546237,0.0202628984720298,-0.0135876620682132,Capital Goods,1.0,0.0
93,93,2020-05-28,26643.23046875,26788.697750812862,26125.953999540958,26411.845733954717,3969,26413.342578125,26636.085546875,26671.38359375,26863.64189453125,26964.706484375,26984.0728515625,-1.8912709093068003,0.0217916968218045,-0.0086845600448742,0.0054598214819889,-0.0194149305511491,Capital Goods,1.0,1.0
94,94,2020-05-29,26721.0859375,27006.384540090887,26166.712734363155,26697.641607285266,2853,26474.3984375,26572.610546875,26678.04765625,26804.0818359375,26927.192265625,27000.271744791666,-1.879487001611115,0.0029221482297845,-0.0008773719103172,0.0106769089870895,-0.020746656944763,Capital Goods,1.0,1.0
95,95,2020-06-01,27352.919921875,27501.009115378914,26908.50163608061,27004.408159410563,5880,26645.973828125,26597.8216796875,26748.716276041665,26754.9263671875,26929.75046875,27028.254231770832,-1.7838550123570247,0.0236455204647313,-0.0127413001412591,0.0054140177329105,-0.0162475628585075,Capital Goods,1.0,1.0
96,96,2020-06-02,27299.546875,27599.931461723136,27106.59582525307,27500.017731341988,10385,26818.358984375,26668.987890625,26792.711197916666,26762.21953125,26923.769375,27035.037174479166,-1.7919333537749165,-0.0019512741976887,0.0073433766963206,0.0110032810470643,-0.0070679213332888,Capital Goods,1.0,0.0
97,97,2020-06-03,27370.87109375,27698.855998971077,27233.910916131204,27599.931513260464,3123,27077.530859375,26731.913671875,26846.8953125,26778.50986328125,26934.134609375,27012.998307291666,-1.7811379912434069,0.0026126521101826,0.0083687661501854,0.0119829911184656,-0.0050038662324514,Capital Goods,1.0,1.0
98,98,2020-06-04,27896.55859375,28193.480849541873,27253.698154557143,27253.698154557143,3238,27328.196484375,26870.76953125,26866.789192708333,26835.58681640625,26956.5528125,27025.288151041663,-1.7015719302301828,0.0192060931564592,-0.0230444352851783,0.0106436876360225,-0.0230444352851783,Capital Goods,1.0,1.0
99,99,2020-06-05,27886.8125,28183.58595689961,27599.93149166371,28094.553919829727,7466,27561.341796875,27017.8701171875,26902.187630208333,26898.87119140625,26955.533828125,27032.883854166663,-1.703047061919548,-0.0003493654501234,0.0074494501596311,0.0106420716566157,-0.0102873359347287,Capital Goods,1.0,0.0
100,100,2020-06-08,28384.94921875,28826.596838439167,27921.33920266476,28093.56635603411,25387,27767.74765625,27206.8607421875,26987.797005208333,27003.47412109375,26957.490625,27069.416666666668,-1.627650982391331,0.0178628058961561,-0.0102654001763516,0.0155592182422306,-0.0163329521047371,Capital Goods,1.0,1.0
101,101,2020-06-09,28040.29296875,28786.973793562072,27924.253779457107,28688.09954745207,6285,27915.896875,27367.1279296875,27084.62421875,27073.5076171875,26992.955,27089.123958333337,-1.6798168417965649,-0.0121422183053381,0.0231027036494957,0.0266288524746949,-0.0041383016012783,Capital Goods,1.0,0.0
102,102,2020-06-10,27616.6015625,28188.483662340695,27352.621942939226,27947.25667586085,2546,27965.04296875,27521.2869140625,27142.956770833334,27126.4322265625,27015.816484375,27105.952669270835,-1.7439451619115878,-0.0151100919923408,0.011973055866868,0.0207079100064666,-0.0095587293376179,Capital Goods,1.0,0.0
103,103,2020-06-11,27347.12890625,28193.478106971914,27110.25500075668,27616.748361836315,28580,27855.15703125,27591.6767578125,27198.898697916666,27113.88115234375,27039.500859375,27106.320182291667,-1.7847315184610262,-0.0097576327644858,0.0098591503521487,0.0309483750057757,-0.0086617467707619,Capital Goods,1.0,0.0
104,104,2020-06-12,27044.66796875,27258.642407090338,25785.656794890827,26635.418138664754,19451,27686.728125,27624.0349609375,27240.822786458335,27098.32275390625,27056.442578125,27077.399544270833,-1.8305108558187568,-0.0110600618637839,-0.0151323665928578,0.0079118900105406,-0.046553027580666,Capital Goods,1.0,0.0
105,105,2020-06-15,27126.3828125,27367.905416826172,26761.152424525375,27105.311122611827,1345,27435.01484375,27601.38125,27282.912109375,27099.60146484375,27089.782265625,27037.077994791667,-1.8181428077987856,0.0030214770558256,-0.0007767968930403,0.0089036052464346,-0.0134640283778021,Capital Goods,1.0,1.0
106,106,2020-06-16,27012.66796875,27532.071793264487,26562.215675283285,27306.819562924517,1855,27229.48984375,27572.693359375,27321.248567708335,27120.840625,27104.7040625,27032.377473958335,-1.835354254135101,-0.0041920385971106,0.0108893943580401,0.0192281571415073,-0.0166755943540203,Capital Goods,1.0,0.0
107,107,2020-06-17,26922.646484375,27153.78394753535,26612.66697353623,26710.157833746925,1216,27090.698828125,27527.8708984375,27377.757552083334,27129.89228515625,27119.285546875,27028.296875,-1.848979563693122,-0.0033325654644384,-0.0078925617788502,0.0085852430330166,-0.0115137087662861,Capital Goods,1.0,0.0
108,108,2020-06-18,27367.51171875,27599.9340464115,26919.383757351276,27104.322327513575,12494,27094.775390625,27474.9662109375,27426.04296875,27172.86787109375,27110.06,27048.71328125,-1.7816464534689995,0.0165238300266351,-0.0096168549753871,0.0084926364533997,-0.0163744503338132,Capital Goods,1.0,1.0
109,109,2020-06-19,28469.873046875,28618.507082582233,27502.341368047702,27599.930756950787,5620,27379.81640625,27533.272265625,27542.628776041667,27275.57119140625,27154.621484375,27110.338216145832,-1.6147972346988897,0.0402799253163286,-0.0305565918222351,0.0052207481031794,-0.0339844043994955,Capital Goods,1.0,1.0
110,110,2020-06-22,28410.767578125,28762.987064251654,28203.371999150462,28688.10199843435,1920,27636.693359375,27535.8541015625,27613.151953125,27371.357421875,27207.01984375,27180.934114583335,-1.623743213693592,-0.0020760706818988,0.0097615954777261,0.0123973942329473,-0.0072998935493112,Capital Goods,1.0,0.0
111,111,2020-06-23,28503.802734375,28638.637576364432,28242.93964784817,28391.326371041767,1538,27934.9203125,27582.205078125,27693.435677083333,27474.66650390625,27283.6565625,27243.0734375,-1.6096617662204025,0.0032746442345905,-0.003946012550725,0.0047304159113767,-0.0091518696279859,Capital Goods,1.0,1.0
112,112,2020-06-24,29344.763671875,29667.454585785785,28513.005786132166,28688.102133637472,5565,28419.34375,27755.0212890625,27825.028515625,27638.1541015625,27387.782578125,27335.9619140625,-1.4823771165704436,0.0295034646898471,-0.0223774689610771,0.010996541581286,-0.0283443375125906,Capital Goods,1.0,1.0
113,113,2020-06-25,30108.556640625,30666.589254145223,29202.95131578253,29578.419958030394,5913,28967.552734375,28031.1640625,27972.495052083337,27811.42041015625,27531.80484375,27419.642122395835,-1.366772317230467,0.026028254215659,-0.0176075090188581,0.0185340207496786,-0.0300780052545112,Capital Goods,1.0,1.0
114,114,2020-06-26,30761.55859375,30864.44006061873,30018.635693572927,30274.552569561336,4099,29425.88984375,28402.853125,28164.144791666666,28013.44404296875,27705.634921875,27533.1662109375,-1.2679364247199965,0.0216882516461753,-0.0158316433383713,0.0033444816053511,-0.0241510162078724,Capital Goods,1.0,1.0
115,115,2020-06-29,30311.205078125,31347.883478000724,30172.216172387492,30766.50503446442,2610,29805.97734375,28721.3353515625,28292.561848958332,28161.35830078125,27858.28140625,27640.179427083334,-1.3361002203243024,-0.0146401397137432,0.0150208464218402,0.0342011608315722,-0.0045853968979218,Capital Goods,1.0,0.0
116,116,2020-06-30,29703.859375,30468.74275468231,29504.773839955204,30468.74275468231,2069,30045.988671875,28990.4544921875,28403.466276041665,28281.57392578125,27988.9309375,27744.045247395832,-1.4280257564478798,-0.020037002869388,0.0257503030170573,0.0257503030170573,-0.0067023457299408,Capital Goods,1.0,0.0
117,117,2020-07-01,29652.26953125,29677.34650262093,29439.927730599964,29439.927730599964,1399,30107.48984375,29263.416796875,28539.177473958334,28395.64384765625,28132.02125,27841.06712239583,-1.435834199021605,-0.0017368060863303,-0.0071610640266929,0.000845701585995,-0.0071610640266929,Capital Goods,1.0,0.0
118,118,2020-07-02,29422.12109375,30072.99398688431,29291.63930821837,29662.50759855066,1350,29970.202734375,29468.877734375,28677.510286458335,28471.92197265625,28243.176875,27938.2044921875,-1.470668591355878,-0.007761579168753,0.0081702642727454,0.0221218888692757,-0.0044348191320355,Capital Goods,1.0,0.0
119,119,2020-07-03,29077.962890625,29637.776961375977,29003.176363221017,29422.1215749414,1843,29633.48359375,29529.68671875,28813.06328125,28531.4794921875,28337.451953125,28026.943033854168,-1.522759068279992,-0.0116972600999221,0.0118357219730602,0.0192521763940851,-0.0025719314549402,Capital Goods,1.0,0.0
120,120,2020-07-06,29490.080078125,29578.420414283413,28662.528474935792,29256.91584456294,1924,29469.25859375,29637.61796875,28970.643098958335,28586.73603515625,28422.938359375,28126.777604166666,-1.46038257790268,0.0141728355954698,-0.0079065310417727,0.0029955949907352,-0.0280620330971248,Capital Goods,1.0,1.0
121,121,2020-07-07,29246.18359375,29577.38161111028,29013.562280250608,29577.38161111028,1281,29377.7234375,29711.8560546875,29119.544140625,28647.03056640625,28500.803828125,28220.396354166667,-1.497297822333434,-0.0082704585314407,0.011324486707765,0.011324486707765,-0.0079539032077027,Capital Goods,1.0,0.0
122,122,2020-07-08,28806.560546875,29479.444070217713,28689.08772980269,29184.69936225092,1422,29208.581640625,29658.0357421875,29245.138411458334,28706.528515625,28558.23140625,28311.44798177083,-1.5638374949915734,-0.0150318090381183,0.0131268297289639,0.023358690193082,-0.004077988306905,Capital Goods,1.0,0.0
123,123,2020-07-09,28664.55859375,29009.60800330875,27995.631934991907,29009.60800330875,2509,29057.069140625,29513.6359375,29331.608203125,28772.4,28588.95140625,28378.8255859375,-1.5853303706379236,-0.0049295004481333,0.0120374925164199,0.0120374925164199,-0.0233363669833013,Capital Goods,1.0,0.0
124,124,2020-07-10,28391.029296875,29672.39890804877,28187.542406599154,28787.02477827035,3344,28919.682421875,29276.5830078125,29326.351953125,28839.71806640625,28609.120078125,28434.490364583333,-1.6267307248865226,-0.0095424213835492,0.0139479085895255,0.0451329044035331,-0.0071672952800708,Capital Goods,1.0,0.0
125,125,2020-07-13,28607.478515625,29181.73517756529,28391.477279077793,28683.155750144262,2130,28743.162109375,29106.2103515625,29339.466015625,28913.7728515625,28618.02125,28476.308984375,-1.593969794209405,0.0076238595116318,0.0026453654235176,0.0200736552725764,-0.007550516429794,Capital Goods,1.0,1.0
126,126,2020-07-14,27737.2421875,29083.80164596131,27698.908945534662,28884.913175123198,3575,28441.373828125,28909.5486328125,29288.361979166668,28950.0015625,28605.89921875,28490.898828125,-1.725685455661347,-0.0304198892485295,0.0413765355569633,0.0485469842084065,-0.0013820134570773,Capital Goods,1.0,0.0
127,127,2020-07-15,28102.46875,28292.403768304703,27773.050202627783,27994.641057316603,1167,28300.55546875,28754.5685546875,29205.542317708332,29008.99267578125,28625.33390625,28515.285416666666,-1.6704061519770763,0.0131673711478278,-0.0038369473387777,0.0067586595325259,-0.0117220501267247,Capital Goods,1.0,1.0
128,128,2020-07-16,27893.8359375,28163.801247011565,27797.780647735337,27946.21761226234,1302,28146.4109375,28601.7400390625,29057.894270833334,29035.30888671875,28647.2021875,28515.194661458332,-1.7019840211269714,-0.0074240030068532,0.0018778942731185,0.0096783142381873,-0.0034436027364571,Capital Goods,1.0,0.0
129,129,2020-07-17,27734.470703125,28153.910551110625,27674.12676273084,27832.405950649947,2423,28015.09921875,28467.3908203125,28856.088411458335,28998.53876953125,28674.794296875,28510.1166015625,-1.726104936997461,-0.0057132778271185,0.003531174204594,0.0151234127550292,-0.0021757740048509,Capital Goods,1.0,0.0
130,130,2020-07-20,27446.59765625,28064.875671573707,27338.868508436237,27970.897413244504,2856,27782.923046875,28263.042578125,28665.114583333332,28950.3302734375,28687.602890625,28478.838216145832,-1.769676306702312,-0.0103796120703527,0.019102540998378,0.0225265813660118,-0.0039250456163273,Capital Goods,1.0,0.0
131,131,2020-07-21,27674.568359375,28045.090781328214,27448.576152011075,27599.93061019602,3751,27770.38828125,28105.8810546875,28529.828515625,28908.8685546875,28714.07890625,28466.647395833337,-1.7351715279619553,0.008305973147571,-0.0026969797038838,0.0133885528815373,-0.008166060782927,Capital Goods,1.0,1.0
132,132,2020-07-22,28070.21875,28539.713970170436,27600.970841042476,27679.07094923289,2916,27763.93828125,28032.246875,28424.358463541663,28845.14130859375,28759.981796875,28481.76796875,-1.6752873893427669,0.0142965333907717,-0.0139346189016468,0.0167257414112755,-0.0167169309629097,Capital Goods,1.0,1.0
133,133,2020-07-23,27676.10546875,28425.261428768652,27602.10917497226,28070.221036170693,2308,27720.3921875,27933.4015625,28307.957421875,28723.51875,28772.325546875,28492.733854166665,-1.7349388769319891,-0.0140402639808426,0.0142402827545842,0.0270686914697788,-0.0026736526879221,Capital Goods,1.0,0.0
134,134,2020-07-24,27427.705078125,27995.579943735484,27370.624489125094,27748.31895816616,4983,27659.0390625,27837.069140625,28197.940234375,28556.82607421875,28730.638828125,28505.5017578125,-1.7725358154861253,-0.0089752653568066,0.0116894169281727,0.0207044251056713,-0.00208112887452,Capital Goods,1.0,0.0
135,135,2020-07-27,27096.35546875,27726.554673696817,27055.896900053962,27402.13259777745,7664,27588.990625,27685.9568359375,28038.35859375,28396.08359375,28678.06234375,28504.500846354167,-1.8226876323663803,-0.0120808360900478,0.0112848065261064,0.0232577110111218,-0.0014931369180883,Capital Goods,1.0,0.0
136,136,2020-07-28,27100.314453125,27253.69765141185,26863.4907640562,27251.52208542703,4167,27474.13984375,27622.2640625,27895.300651041667,28265.90634765625,28621.9228125,28507.422395833335,-1.8220884155458708,0.0001461076335363,0.0055795526861348,0.0056598309422628,-0.008738780115575,Capital Goods,1.0,1.0
137,137,2020-07-29,26971.7109375,27342.67776088975,26907.460256536444,27144.828788415216,1172,27254.43828125,27509.18828125,27772.97734375,28131.87841796875,28527.000703125,28509.05787760417,-1.8415533546413103,-0.0047454621180666,0.0064184971919791,0.0137539225542409,-0.0023821507323892,Capital Goods,1.0,0.0
138,138,2020-07-30,26706.744140625,27006.38681889656,26661.14033538759,27006.38681889656,1270,27060.566015625,27390.4791015625,27642.456380208332,27996.1095703125,28390.928203125,28487.032291666663,-1.8816577214497936,-0.0098238779693654,0.0112197382314289,0.0112197382314289,-0.0017075763708702,Capital Goods,1.0,0.0
139,139,2020-07-31,26707.287109375,27253.696126044535,26610.686961546206,26610.686961546206,1672,26916.482421875,27287.7607421875,27530.206901041667,27877.57578125,28228.75734375,28428.279427083333,-1.8815755397644944,2.0330772899196735e-05,-0.0036169958945356,0.0204591733496484,-0.0036169958945356,Capital Goods,1.0,1.0
140,140,2020-08-03,26704.515625,27204.233041270967,26531.546551523174,26857.997348018427,1661,26838.114453125,27213.5525390625,27403.342708333337,27738.29755859375,28084.489765625,28371.404361979166,-1.8819950211006085,-0.0001037725907408,0.0057474071117298,0.0187128432991738,-0.0064771470078602,Capital Goods,1.0,0.0
141,141,2020-08-04,27200.177734375,27282.383594614,26561.274337319257,26704.66460482994,3854,26858.087109375,27166.1134765625,27367.538411458332,27635.997265625,27984.3425,28327.9501953125,-1.8069734890374067,0.0185609848287596,-0.0182172754304777,0.0030222545250175,-0.0234889419949749,Capital Goods,1.0,1.0
142,142,2020-08-05,27084.38671875,27852.18951658553,26907.46065889279,27217.094305445487,3890,26880.622265625,27067.5302734375,27299.666276041666,27549.88857421875,27881.6271875,28252.604296875,-1.8244991768538412,-0.0042569948165693,0.0048997818585869,0.0283485391716105,-0.0065324004451142,Capital Goods,1.0,0.0
143,143,2020-08-06,27018.69921875,27351.77911270715,26910.427144815916,27107.236631147935,2923,26943.01328125,27001.7896484375,27241.323828125,27467.59560546875,27785.4903125,28149.609049479168,-1.834441387069618,-0.0024252902855845,0.0032768939644767,0.0123277546139601,-0.0040073015009896,Capital Goods,1.0,0.0
144,144,2020-08-07,30679.9453125,31155.969163908827,27502.985460464795,27502.985460464795,23801,27737.544921875,27327.013671875,27437.688802083332,27582.04140625,27849.569609375,28146.888606770834,-1.2802891006261703,0.135507859357242,-0.1035516791074855,0.0155157985635288,-0.1035516791074855,Capital Goods,1.0,1.0
145,145,2020-08-10,31320.34765625,31969.525132019637,31137.587094854407,31732.572835520416,10647,28660.711328125,27749.412890625,27695.938802083332,27717.68486328125,27922.7803125,28180.526692708332,-1.1833602370792458,0.0208736468473781,0.013161577380772,0.0207270201114799,-0.0058352021951174,Capital Goods,1.0,1.0
146,146,2020-08-11,31972.6015625,32178.81293414741,31335.9164474286,31335.9164474286,3682,29615.19609375,28236.6416015625,27982.474348958334,27929.45283203125,28031.83703125,28256.151432291663,-1.0846375660992416,0.0208252447708651,-0.0199134597735753,0.0064496275426417,-0.0199134597735753,Capital Goods,1.0,1.0
147,147,2020-08-12,31118.201171875,31971.757839339378,30740.93138704122,31930.902924604106,4227,30421.958984375,28651.290625,28185.673177083332,28080.239453125,28124.30265625,28305.0158203125,-1.2139563602691446,-0.0267228923788018,0.0261166044990941,0.0274294989851737,-0.0121237658549094,Capital Goods,1.0,0.0
148,148,2020-08-13,31494.630859375,31692.909095090836,31177.25475436971,31187.171183998962,2737,31317.1453125,29130.079296875,28440.241536458332,28260.27919921875,28237.505546875,28374.099479166667,-1.1569813941860367,0.0120967688787943,-0.0097622885865485,0.0062956202471831,-0.0100771495440726,Capital Goods,1.0,1.0
149,149,2020-08-14,30298.359375,32127.94055424295,29754.24568194292,31582.83521827029,3754,31240.828125,29489.1865234375,28631.618489583332,28388.4736328125,28313.79875,28414.779361979166,-1.3380444971020486,-0.0379833467398429,0.0423942375021846,0.0603854867716893,-0.0179585200083818,Capital Goods,1.0,0.0
150,150,2020-08-17,30180.255859375,31043.38226242683,30073.40633250145,30726.05652136385,2892,31012.809765625,29836.760546875,28837.211848958337,28525.15654296875,28376.70984375,28437.785221354166,-1.355920196124938,-0.0038980168583798,0.0180846930036646,0.0285990419389938,-0.0035403784305678,Capital Goods,1.0,0.0
151,151,2020-08-18,30393.806640625,30561.841703790633,29963.286395109153,30397.97270317608,4224,30697.05078125,30156.1234375,29056.777994791668,28661.11845703125,28482.972421875,28476.039322916666,-1.3235979619261806,0.0070758439638497,0.0001370694562987,0.0055285955179116,-0.0141647359478955,Capital Goods,1.0,1.0
152,152,2020-08-19,31066.63671875,31633.360681394777,30383.94088440232,30383.94088440232,7051,30686.737890625,30554.3484375,29329.773046875,28810.93935546875,28601.539140625,28551.3751953125,-1.2217609598144206,0.0221370783225843,-0.0219752089847449,0.0182422052240607,-0.0219752089847449,Capital Goods,1.0,1.0
153,153,2020-08-20,32172.61328125,32644.883196879215,30800.872927967557,31127.669609660952,6810,30822.334375,31069.73984375,29694.164322916666,29035.76474609375,28772.690234375,28668.3103515625,-1.0543645529166523,0.0356001382612652,-0.0324792910807165,0.0146792525524948,-0.0426368955885185,Capital Goods,1.0,1.0
154,154,2020-08-21,34500.203125,34886.0026297698,32607.404446217366,32607.404446217366,13548,31662.703125,31451.765625,30213.692057291668,29389.3896484375,29043.31953125,28871.949479166666,-0.7020694050929502,0.0723469313295263,-0.0548634068015398,0.0111825285019913,-0.0548634068015398,Capital Goods,1.0,1.0
155,155,2020-08-24,33596.51953125,36690.79462112556,32834.39532726803,34707.508425389045,16920,32345.955859375,31679.3828125,30673.158984375,29714.3978515625,29289.31640625,29038.250846354167,-0.8388475174828431,-0.0261935731356654,0.0330685710793836,0.0921010608553485,-0.0226846177703936,Capital Goods,1.0,0.0
156,156,2020-08-25,34357.44921875,34702.54092447127,32937.416682563606,33616.6920228483,10982,33138.684375,31917.867578125,31150.310416666667,30077.25458984375,29556.631640625,29258.9244140625,-0.7236760935049127,0.0226490630016664,-0.0215603082517966,0.0100441596675036,-0.041331139781222,Capital Goods,1.0,1.0
157,157,2020-08-26,35329.41015625,35694.18756050896,34211.73172476792,34662.87890478096,6372,33991.2390625,32338.9884765625,31699.978645833333,30495.13955078125,29846.999296875,29499.8224609375,-0.5765637819974198,0.0282896710786541,-0.0188661867979452,0.0103250352226564,-0.0316359210793208,Capital Goods,1.0,1.0
158,158,2020-08-27,34573.08203125,35982.75270934901,34312.08240600679,35401.64999514302,8096,34471.3328125,32646.83359375,32203.604166666668,30888.4564453125,30122.878359375,29722.463997395833,-0.6910387309733174,-0.0214078899606593,0.023965695715068,0.0407736480312874,-0.0075492148778433,Capital Goods,1.0,0.0
159,159,2020-08-28,33602.61328125,35699.14389611707,33235.0120381296,34905.829587314474,6888,34291.81484375,32977.258984375,32398.448697916665,31233.22275390625,30369.8746875,29918.06875,-0.8379251906550237,-0.0280700676070131,0.0387831831755673,0.0623918918841028,-0.010939662342438,Capital Goods,1.0,0.0
160,160,2020-08-31,32350.861328125,35203.322057671234,32079.647001849702,33715.857745375266,9224,34042.683203125,33194.31953125,32467.149609375,31515.5400390625,30580.054921875,30081.54420572917,-1.0273856063502147,-0.0372516251235575,0.0421935108127575,0.088172636289791,-0.0083835272119791,Capital Goods,1.0,0.0
161,161,2020-09-01,32908.859375,33170.40519418053,31881.3197598258,32436.639792967402,3366,33752.965234375,33445.8248046875,32529.566796875,31800.97412109375,30812.39671875,30256.020572916663,-0.9429291438265368,0.0172483211873524,-0.0143493147742255,0.0079475808079576,-0.0312237991437283,Capital Goods,1.0,1.0
162,162,2020-09-02,32630.0625,33616.596191050055,32131.215725929233,33070.30162471496,4561,33213.095703125,33602.1673828125,32630.357552083333,32078.25791015625,31038.73078125,30408.015364583334,-0.9851267786695684,-0.0084717878496814,0.0134918259722902,0.0302338891030335,-0.0152879503087304,Capital Goods,1.0,0.0
163,163,2020-09-03,32456.228515625,33021.71295443175,32379.5253144863,32704.38718429907,4834,32789.725,33630.52890625,32694.4640625,32350.134375,31268.71015625,30567.35279947917,-1.011437629520983,-0.0053274180634805,0.0076459490219142,0.0174229867322543,-0.0023632813991857,Capital Goods,1.0,0.0
164,164,2020-09-04,31972.107421875,32455.483016626087,31881.321732546934,32189.72269860672,2495,32463.623828125,33377.7193359375,32806.047265625,32414.74248046875,31479.30296875,30718.832877604167,-1.084712357345215,-0.0149161229104896,0.0068064101580878,0.0151186654158546,-0.002839527846261,Capital Goods,1.0,0.0
165,165,2020-09-07,31968.78125,32425.731071410697,31881.319121253066,31980.48341089926,1048,32387.2078125,33214.9455078125,32925.28229166667,32447.16416015625,31689.87359375,30881.2470703125,-1.0852157940720668,-0.0001040335512173,0.000366049640984,0.0142936265801718,-0.0027358605904607,Capital Goods,1.0,0.0
166,166,2020-09-08,31059.34765625,32121.298480214045,30889.67793463409,31968.78301957496,2537,32017.30546875,32885.1353515625,32969.651692708336,32401.50146484375,31844.240390625,31013.21484375,-1.2228642045969278,-0.0284475528371917,0.0292805687160642,0.0341910215152361,-0.005462758699691,Capital Goods,1.0,0.0
167,167,2020-09-09,31041.548828125,32228.396321930704,30544.586569480296,31018.591906153615,2969,31699.602734375,32456.34921875,32967.979166666664,32397.66884765625,32002.526875,31148.876106770833,-1.2255581675398504,-0.0005730586592477,-0.0007395546561963,0.0382341583655247,-0.0160095832007722,Capital Goods,1.0,0.0
168,168,2020-09-10,31868.28125,32393.207073040816,31066.73739296871,31136.59786604734,11432,31582.01328125,32185.869140625,32947.69036458333,32416.3513671875,32196.51015625,31320.92734375,-1.100427091909335,0.0266330918747824,-0.0229596123560211,0.0164717330979629,-0.0251517755458271,Capital Goods,1.0,1.0
169,169,2020-09-11,32352.501953125,32525.890344016014,31440.04126088499,32009.244341905272,3401,31658.0921875,32060.8580078125,32804.51028645833,32519.05849609375,32263.412421875,31509.101171875,-1.027137287588879,0.0151944404948101,-0.0106099247507061,0.0053593502951405,-0.028203713380871,Capital Goods,1.0,1.0
170,170,2020-09-14,33591.60546875,33805.10696301155,32327.55902006971,32327.55902006971,5601,31982.65703125,32184.932421875,32804.18268229167,32689.6259765625,32354.262734375,31738.670833333337,-0.8395912912965591,0.0383000831719388,-0.037629831353438,0.0063557990540277,-0.037629831353438,Capital Goods,1.0,1.0
171,171,2020-09-15,33923.21484375,34509.124764426386,33423.32607653071,33704.95267809531,3402,32555.43046875,32286.36796875,32775.233723958336,32866.09638671875,32432.287265625,31962.7720703125,-0.7894001572790924,0.0098717929784122,-0.0064340059354635,0.0172716507965144,-0.0147358901425401,Capital Goods,1.0,1.0
172,172,2020-09-16,34244.3046875,34261.26333109437,33798.51470590678,33923.36100171462,2607,33195.981640625,32447.7921875,32702.893359375,33024.97978515625,32557.33140625,32201.436002604165,-0.7408012195099064,0.0094651950066919,-0.0093721770295581,0.0004952252279357,-0.0130179305920012,Capital Goods,1.0,1.0
173,173,2020-09-17,33492.29296875,34310.84381326778,33224.994854437486,34210.68788190535,1624,33520.783984375,32551.3986328125,32630.840755208337,33090.96376953125,32637.237890625,32417.2224609375,-0.8546228536494318,-0.0219601982172674,0.0214495589724372,0.0244399762441325,-0.0079808842757322,Capital Goods,1.0,0.0
174,174,2020-09-18,32473.380859375,33715.85907366419,32229.039658021815,33604.795067303894,3087,33544.959765625,32601.5259765625,32555.55859375,32989.62265625,32724.23875,32477.003645833334,-1.0088415159947297,-0.0304222858173877,0.0348412816278185,0.0382614369495344,-0.0075243536363305,Capital Goods,1.0,0.0
175,175,2020-09-21,30965.736328125,32912.381808170096,30740.93164465755,32524.897323003966,2706,33019.7859375,32501.221484375,32463.216927083333,32858.08349609375,32755.65796875,32465.183268229168,-1.237032859254158,-0.0464270886292625,0.0503511680897068,0.062864498341576,-0.0072597880794866,Capital Goods,1.0,0.0
176,176,2020-09-22,32092.787109375,32327.558566139833,30740.929924856897,31194.110730523334,4898,32653.700390625,32604.5654296875,32408.812109375,32744.850390625,32823.6171875,32469.189453125,-1.066446738743514,0.0363967053554719,-0.0280024410403776,0.0073153963214447,-0.0421233961360494,Capital Goods,1.0,1.0
177,177,2020-09-23,32012.068359375,33304.32824819868,31605.545109521117,32337.42602168647,2676,32207.253125,32701.6173828125,32367.6125,32578.98330078125,32861.434453125,32498.985026041668,-1.0786640218012455,-0.0025151679635957,0.0101635938877466,0.0403678973291095,-0.0126990622814545,Capital Goods,1.0,0.0
178,178,2020-09-24,31882.609375,32785.69779580992,31236.70121799336,31737.53124296463,2466,31885.31640625,32703.0501953125,32329.371223958333,32444.45966796875,32849.834296875,32511.917643229168,-1.0982584413936674,-0.0040440680971208,-0.0045503845161786,0.0283254237502297,-0.0202589489903268,Capital Goods,1.0,0.0
179,179,2020-09-25,32110.044921875,32624.55849908073,31782.15778037774,32425.73407989303,1425,31812.64921875,32678.8044921875,32338.567057291668,32369.83125,32754.22796875,32572.307161458335,-1.063834661868318,0.0071335298877179,0.0098314766854457,0.0160234461975234,-0.0102113572962921,Capital Goods,1.0,1.0
180,180,2020-09-28,32771.0234375,32922.49690419058,32278.029674567577,32328.553110176344,1100,32173.706640625,32596.7462890625,32392.049869791663,32390.83935546875,32721.208125,32658.666080729166,-0.9637914671896374,0.0205847895022628,-0.0135018769910412,0.0046221768746241,-0.0150435876338328,Capital Goods,1.0,1.0
181,181,2020-09-29,32398.06640625,33219.691030929345,32129.23238314539,32724.218168018455,2383,32234.7625,32444.2314453125,32481.297786458337,32365.29970703125,32642.8328125,32725.474739583333,-1.0202408252279174,-0.0113806952645618,0.0100670131877234,0.0253602981849818,-0.008297841597508,Capital Goods,1.0,0.0
182,182,2020-09-30,32318.486328125,32892.002642289626,32269.05331430799,32625.002777353777,797,32296.04609375,32251.649609375,32566.426953125,32349.7208984375,32522.395859375,32767.203059895834,-1.0322857632405786,-0.0024563218411592,0.0094842452123764,0.0177457665665958,-0.0015295584488433,Capital Goods,1.0,0.0
183,183,2020-10-01,32311.0,32833.29755884107,32239.35379798773,32525.78753543352,981,32381.72421875,32133.5203125,32595.941536458333,32342.45947265625,32431.912578125,32771.81595052083,-1.0334188653979606,-0.0002316422882245,0.0066475050426639,0.0161646980545655,-0.0022173935196146,Capital Goods,1.0,0.0
184,184,2020-10-05,32012.91015625,32669.676037656103,31955.74349128712,32669.676037656103,2243,32362.297265625,32087.4732421875,32573.302083333332,32344.499609375,32368.324453125,32688.906184895834,-1.0785366106272742,-0.009225645871375,0.0205156569084326,0.0205156569084326,-0.0017857378377615,Capital Goods,1.0,0.0
185,185,2020-10-06,31929.365234375,32277.927732016884,31831.738760467768,32030.06735087567,1338,32193.965625,32183.8361328125,32462.486067708334,32342.52880859375,32351.464609375,32633.334375,-1.0911816523131643,-0.0026097259345442,0.003153902865324,0.0109166748252991,-0.003057576409384,Capital Goods,1.0,0.0
186,186,2020-10-07,31959.5625,32030.06792779942,31514.413583450947,31841.655763518247,1496,32106.26484375,32170.513671875,32331.575911458334,32387.53955078125,32313.492734375,32553.404817708335,-1.0866111090167168,0.0009457521439383,-0.0036892475133772,0.0022060823829932,-0.0139285047018103,Capital Goods,1.0,1.0
187,187,2020-10-08,31056.2734375,32118.520574722566,31000.89056694225,31959.56137432788,3839,31853.822265625,32074.9341796875,32119.040494791665,32388.27578125,32250.541171875,32410.966927083333,-1.2233295066568597,-0.0282634989918901,0.0290855224032504,0.034203947210869,-0.001783307023916,Capital Goods,1.0,0.0
188,188,2020-10-09,30733.39453125,31482.679536925287,30641.766337753288,31087.014010428084,3410,31538.301171875,31960.0126953125,31935.113932291668,32331.5314453125,32181.6278125,32282.97734375,-1.2721992301229312,-0.0103965759736043,0.0115060338947758,0.0243801577112936,-0.0029813886456162,Capital Goods,1.0,0.0
189,189,2020-10-12,30480.181640625,31130.99578782946,30350.871004398214,30939.21164179767,1700,31231.75546875,31797.0263671875,31802.233984375,32237.9154296875,32121.95078125,32178.8962890625,-1.310524570376986,-0.008239014742336,0.0150599496612204,0.0213520429398306,-0.0042424496596318,Capital Goods,1.0,0.0
190,190,2020-10-13,30237.474609375,30641.915792622916,30189.57748094454,30418.64699868525,2022,30893.37734375,31543.671484375,31753.683203125,32070.20888671875,32052.698515625,32108.450065104167,-1.3472597837057716,-0.0079627816563439,0.0059916508124682,0.0133754947618052,-0.0015840320347259,Capital Goods,1.0,0.0
191,191,2020-10-14,30220.96484375,30423.60669984163,30096.36451565168,30294.693112130437,6509,30545.6578125,31325.961328125,31628.895052083335,31885.09638671875,32019.163203125,32018.853580729166,-1.3497586390505016,-0.0005460034555888,0.0024396397918342,0.0067053403866932,-0.0041229765079485,Capital Goods,1.0,0.0
192,192,2020-10-15,30072.61328125,30294.690936487284,29997.198063133892,30195.526645369486,1833,30348.92578125,31101.3740234375,31499.598046875,31676.51181640625,31980.40578125,31933.6052734375,-1.3722125674267367,-0.0049088956380782,0.0040872192572676,0.0073847142301979,-0.0025077706885928,Capital Goods,1.0,0.0
193,193,2020-10-16,29824.05859375,30423.60553050098,29700.69782412108,29854.402480484434,2386,30167.05859375,30852.6798828125,31362.361328125,31493.10009765625,31898.636875,31845.866276041663,-1.4098328597691412,-0.0082651509257085,0.0010174298256238,0.0201027950259131,-0.0041362837737574,Capital Goods,1.0,0.0
194,194,2020-10-19,29730.794921875,30215.361652240706,29253.665513872005,30215.361652240706,3139,30017.18125,30624.468359375,31203.744661458335,31355.97080078125,31793.76859375,31771.155859375,-1.423948894498374,-0.0031271287769849,0.0162984787873659,0.0162984787873659,-0.0160483232707625,Capital Goods,1.0,0.0
195,195,2020-10-20,29419.267578125,30195.526417867586,29352.62994971693,29729.45425312546,3240,29853.53984375,30373.45859375,30980.294270833332,31278.64736328125,31626.875078125,31686.1720703125,-1.4711004886300587,-0.0104782715890582,0.0105436572877533,0.0263860695267539,-0.0022651015437793,Capital Goods,1.0,0.0
196,196,2020-10-21,29539.408203125,30222.898136974716,29462.358317185775,29625.334455945216,4782,29717.228515625,30131.4431640625,30789.717057291666,31150.97841796875,31451.5228125,31635.507421875,-1.4529164604785108,0.0040837394976254,0.002908868459021,0.023138240588632,-0.0026083760855802,Capital Goods,1.0,1.0
197,197,2020-10-22,29438.953125,29988.27293465625,29403.203623739042,29560.87484481673,1961,29590.496484375,29969.7111328125,30597.748177083333,31022.32265625,31259.30875,31582.087565104168,-1.4681209591115998,-0.0034007139694278,0.0041415100360071,0.0186596244548438,-0.0012143604804546,Capital Goods,1.0,0.0
198,198,2020-10-23,29552.744140625,29707.091808508867,29441.92804659243,29441.92804659243,2487,29536.23359375,29851.64609375,30413.864453125,30905.82939453125,31101.726796875,31504.902994791668,-1.4508979836899367,0.0038653214039858,-0.0037497734053141,0.0052227863222924,-0.0037497734053141,Capital Goods,1.0,1.0
199,199,2020-10-26,29245.83203125,29709.572305508176,29228.675833563022,29552.943076907388,1439,29439.241015625,29728.2111328125,30229.392578125,30762.61875,30972.62484375,31401.347330729168,-1.4973510334965776,-0.0103852321772413,0.010501019267608,0.0158566278354692,-0.0005866202633129,Capital Goods,1.0,0.0
200,200,2020-10-27,28753.6796875,29228.676672267295,28710.940262661225,29228.676672267295,3031,29306.1234375,29579.831640625,30017.680208333335,30561.7515625,30884.142578125,31240.083138020833,-1.571841340781064,-0.0168281190709199,0.0165195199337839,0.0165195199337839,-0.0014863984471996,Capital Goods,1.0,0.0
201,201,2020-10-28,28360.048828125,29415.15699181651,28316.416535641514,28757.64731865964,6854,29070.2515625,29393.7400390625,29777.712630208334,30359.85068359375,30734.833046875,31054.644270833334,-1.6314198108297508,-0.013689756012206,0.0140196687581277,0.0372040319847808,-0.0015385126008744,Capital Goods,1.0,0.0
202,202,2020-10-29,28259.990234375,28351.07225297585,28142.28105283107,28351.07225297585,1804,28834.458984375,29212.477734375,29591.29375,30156.92587890625,30584.749921875,30855.167122395833,-1.6465642990955167,-0.0035281530845169,0.0032230024796702,0.0032230024796702,-0.0041652237162046,Capital Goods,1.0,0.0
203,203,2020-10-30,28213.87890625,28623.526227059407,28162.660159831183,28242.983239864505,2727,28566.6859375,29051.459765625,29423.326041666667,29952.06982421875,30438.000703125,30679.21998697917,-1.6535435343769236,-0.0016316823800211,0.0010315608751003,0.0145193548951774,-0.0018153741493329,Capital Goods,1.0,0.0
204,204,2020-11-02,27703.974609375,28658.481307362556,27633.916584271607,28163.65147440844,3816,28258.314453125,28848.777734375,29238.245572916665,29736.623046875,30261.757890625,30520.239778645835,-1.7307207097825803,-0.0180728179407491,0.0165924518598816,0.0344537818650956,-0.0025288077285374,Capital Goods,1.0,0.0
205,205,2020-11-03,28020.955078125,28083.32981029726,27617.257599462522,27655.93167653179,5887,28111.76953125,28708.946484375,29090.477604166663,29541.2025390625,30071.75515625,30422.080403645832,-1.6827437513870265,0.0114416964792746,-0.0130268008558414,0.0022260030751397,-0.0144069849702457,Capital Goods,1.0,1.0
206,206,2020-11-04,29459.181640625,30216.79683026007,28108.06816434518,28108.118521212127,13217,28331.59609375,28700.923828125,29039.692057291668,29416.18349609375,29954.199765625,30334.2935546875,-1.4650592479078417,0.0513268216051198,-0.0458622081188337,0.025717455388859,-0.0458639174964927,Capital Goods,1.0,1.0
207,207,2020-11-05,29743.833984375,30417.6553580396,29476.5862136574,30005.1318974885,8063,28628.36484375,28731.4119140625,29017.7734375,29350.5615234375,29851.213671875,30258.6857421875,-1.4219753515808988,0.0096626018747736,0.0087849439063829,0.0226541532614312,-0.0089849805797729,Capital Goods,1.0,1.0
208,208,2020-11-06,29642.04296875,30139.253148704636,28987.707732570027,29981.82982486277,2756,28913.99765625,28740.341796875,29005.6390625,29295.9939453125,29744.455390625,30184.0001953125,-1.4373820526339327,-0.003422256044008,0.0114630039660554,0.0167738161799042,-0.0220745660773046,Capital Goods,1.0,0.0
209,209,2020-11-09,30295.83203125,30591.58953261378,29754.24586226391,30182.635604390154,2401,29432.369140625,28845.341796875,29043.308203125,29286.77646484375,29675.772265625,30123.526432291663,-1.3384270262415354,0.0220561404350319,-0.0037363696347102,0.0097623165146514,-0.017876590034809,Capital Goods,1.0,1.0
210,210,2020-11-10,28644.84765625,30542.604450646937,28338.37961187071,30542.604450646937,7945,29557.14765625,28834.45859375,28991.680208333335,29207.1451171875,29544.3915625,29985.987239583337,-1.5883137431848318,-0.0544954293810784,0.0662512441040288,0.0662512441040288,-0.0106988889610107,Capital Goods,1.0,0.0
211,211,2020-11-11,28820.61328125,29239.830315146413,28162.75699729131,28261.822509870628,2629,29429.433984375,28880.5150390625,28943.760546875,29137.1275390625,29418.83359375,29866.738802083335,-1.5617105265537012,0.0061360293170087,-0.0193885801778863,0.0145457360606946,-0.0228258947003974,Capital Goods,1.0,1.0
212,212,2020-11-12,28625.755859375,29154.30152996934,28465.109708087413,29018.942272865912,2177,29205.818359375,28917.0916015625,28889.547395833335,29064.78466796875,29321.612890625,29743.647786458332,-1.591203404961093,-0.0067610435618928,0.0137354072123878,0.0184639900232097,-0.0056119444348218,Capital Goods,1.0,0.0
213,213,2020-11-13,29035.00390625,29330.315916878204,28286.611834298055,28286.611834298055,10313,29084.410546875,28999.2041015625,28855.031380208333,29025.33193359375,29253.677265625,29634.447916666668,-1.529261176798546,0.0142964974928677,-0.0257755113231049,0.01017089619074,-0.0257755113231049,Capital Goods,1.0,1.0
214,214,2020-11-14,29457.15234375,29639.020057212932,29089.351567886864,29549.969741139634,761,28916.674609375,29174.521875,28869.119401041666,29011.6498046875,29212.75609375,29549.255989583333,-1.4653663945662083,0.0145392932910585,0.003150929061523,0.0061739747053832,-0.0124859583021158,Capital Goods,1.0,1.0
215,215,2020-11-17,29660.189453125,29749.18940694176,29430.277424971144,29748.29654093572,3151,29119.74296875,29338.4453125,28929.553385416668,29023.6958984375,29189.6646875,29473.616796875,-1.4346354697630126,0.0068926251596101,0.0029705504056192,0.003000653585083,-0.0077515360620743,Capital Goods,1.0,1.0
216,216,2020-11-18,31700.990234375,32514.97994390535,29408.608117207103,29660.18908994982,14038,29695.818359375,29562.626171875,29152.2828125,29131.775,29248.865703125,29464.997721354168,-1.125747623891136,0.0688060602065702,-0.0643765740229853,0.0256771067248144,-0.0723126344073047,Capital Goods,1.0,1.0
217,217,2020-11-19,31158.7578125,31800.00407217152,30744.450576759587,31700.988917352704,3809,30202.41875,29704.1185546875,29345.533984375,29217.765234375,29292.311484375,29468.4138671875,-1.207817861365404,-0.0171045894108074,0.0174022054446334,0.0205799686730216,-0.013296654450525,Capital Goods,1.0,0.0
218,218,2020-11-20,30580.630859375,31583.826800348463,30296.77307533733,31406.322718801766,3166,30511.544140625,29797.97734375,29503.317447916663,29269.1595703125,29322.574375,29463.321744791665,-1.2953209585966163,-0.0185542362312361,0.0270004848239955,0.0328049459014321,-0.00928227365037,Capital Goods,1.0,0.0
219,219,2020-11-23,30460.791015625,31036.43972351367,30370.20482337202,30582.26727181167,1805,30712.271875,29814.4732421875,29687.105208333334,29329.90751953125,29351.77421875,29462.675390625,-1.3134594616419193,-0.0039188152887062,0.0039879547489216,0.0188980222999917,-0.0029738621103606,Capital Goods,1.0,0.0
220,220,2020-11-24,30726.205078125,31123.25929153387,30542.6020037194,30691.348442049202,3222,30925.475,30022.608984375,29867.455208333333,29428.5337890625,29404.05171875,29478.96640625,-1.2732873984092143,0.0087133017118253,-0.0011344269813721,0.0129223316839586,-0.0059754556066643,Capital Goods,1.0,1.0
221,221,2020-11-25,30581.373046875,31038.421630059598,30517.809126680004,30839.002637554117,4546,30701.5515625,30198.6849609375,29942.26796875,29539.6,29445.7303125,29490.980013020835,-1.2952086239188692,-0.0047136322523965,0.0084243958008105,0.0149453257865184,-0.0020785175373769,Capital Goods,1.0,0.0
222,222,2020-11-26,32222.890625,32525.392073574105,30592.18419395909,30592.18419395909,7630,30914.378125,30558.3984375,30107.538411458332,29737.74501953125,29557.0878125,29562.655924479168,-1.046754765351996,0.0536770397983402,-0.0506070808487844,0.0093877812544667,-0.0506070808487844,Capital Goods,1.0,1.0
223,223,2020-11-27,31689.93359375,32641.910820961566,31448.964358112073,32322.055614326877,3533,31136.238671875,30823.89140625,30244.064453125,29911.54775390625,29642.575390625,29624.8517578125,-1.1274211149719968,-0.0165397027055203,0.0199470919908,0.0300403667428106,-0.0076039678317739,Capital Goods,1.0,0.0
224,224,2020-12-01,31484.21875,31786.669855053773,31334.72857266604,31732.574956461613,2742,31340.92421875,31026.598046875,30323.290234375,30100.5599609375,29732.110859375,29683.29921875,-1.1585573314678013,-0.0064914886344404,0.007888275978314,0.0096064351304181,-0.0047480986751167,Capital Goods,1.0,0.0
225,225,2020-12-02,31230.900390625,31721.118672780278,31114.63026014917,31721.118672780278,1637,31441.86328125,31183.669140625,30495.69375,30261.0572265625,29831.1996875,29743.686979166665,-1.1968986350707993,-0.0080458836024,0.0156965785815907,0.0156965785815907,-0.0037229195771356,Capital Goods,1.0,0.0
226,226,2020-12-03,30732.25390625,31518.378837776792,30642.75813195761,31453.9220474277,5277,31472.039453125,31086.7955078125,30623.136458333334,30324.71083984375,29926.087890625,29783.44850260417,-1.2723718707855745,-0.0159664459922098,0.0234824345581412,0.0255798007502117,-0.0029121122897591,Capital Goods,1.0,0.0
227,227,2020-12-04,30597.888671875,31534.247579968887,30542.60457430949,30840.097476007308,4950,31147.0390625,31030.70859375,30754.611979166668,30367.41357421875,30019.603828125,29822.0796875,-1.29270888172142,-0.0043721243090365,0.0079158665726808,0.0306020757881431,-0.0018067945196599,Capital Goods,1.0,0.0
228,228,2020-12-07,30666.458984375,31137.58815537818,30597.886488067204,30597.886488067204,2983,30942.344140625,31039.29140625,30863.375651041668,30418.634375,30117.70703125,29859.203515625,-1.2823303399678672,0.0022410145103583,-0.0022360748054652,0.0153630117922394,-0.0022360748054652,Capital Goods,1.0,1.0
229,229,2020-12-08,30440.76171875,31046.70397758326,30344.274085580357,30998.75842860268,4519,30733.652734375,31037.2884765625,30928.949609375,30425.880859375,30227.178515625,29899.034505208332,-1.3164910198532296,-0.0073597432863049,0.018330576449044,0.0199056207736099,-0.0031696852418187,Capital Goods,1.0,0.0
230,230,2020-12-09,30751.837890625,31187.16912257445,30532.634453438324,30532.634453438324,9217,30637.840234375,31039.8517578125,31001.726171875,30531.23037109375,30336.413828125,29965.639778645833,-1.2694077133809123,0.0102190666169628,-0.0071281410225403,0.014156267131018,-0.0071281410225403,Capital Goods,1.0,1.0
231,231,2020-12-10,30533.330078125,30939.258714962238,30413.687973970893,30840.094424209154,1898,30598.05546875,31035.0474609375,30923.882161458332,30616.8662109375,30379.379765625,30038.082486979165,-1.3024802249799918,-0.0071055204335157,0.0100468683009433,0.013294607427313,-0.0039184099424458,Capital Goods,1.0,0.0
232,232,2020-12-11,31009.021484375,31118.944717136474,30690.357412320067,30700.27384174018,3728,30680.28203125,30913.660546875,30913.899739583332,30736.0294921875,30429.987265625,30129.716861979166,-1.2304813826009096,0.0155794145293965,-0.0099567038189318,0.0035448791190286,-0.010276495574538,Capital Goods,1.0,1.0
233,233,2020-12-14,31555.86328125,31727.615059374217,30949.175371247675,31038.423233580656,3763,30858.162890625,30900.253515625,30978.915234375,30862.0724609375,30506.540078125,30241.116341145833,-1.1477134876543165,0.0176349259247198,-0.0163975880823643,0.005442784961813,-0.0192258378290924,Capital Goods,1.0,1.0
234,234,2020-12-15,31637.724609375,31831.689590666738,31075.414614532918,31555.071553600737,5144,31097.55546875,30915.6041015625,31057.377473958335,30971.10107421875,30560.21578125,30372.241341145833,-1.135323268316369,0.0025941717200188,-0.0026124842034237,0.0061308132517932,-0.0177734019049984,Capital Goods,1.0,1.0
235,235,2020-12-16,32478.587890625,32673.542568778845,31561.070258916992,31929.911076321092,5606,31442.90546875,31040.3728515625,31174.202994791667,31112.02099609375,30713.565390625,30520.8291015625,-1.008053399545061,0.026577868403369,-0.016893493527232,0.0060025601731938,-0.0282499237589344,Capital Goods,1.0,1.0
236,236,2020-12-17,32169.1953125,32724.21709252705,30851.152708517282,32486.222786399583,3821,31770.078515625,31184.0669921875,31280.0578125,31135.43125,30847.508671875,30611.162890625,-1.0548818836694358,-0.0095260477200213,0.0098550016815743,0.0172532068220987,-0.040972196885216,Capital Goods,1.0,0.0
237,237,2020-12-18,32628.474609375,32724.218514325115,31846.564115479687,32130.274723011196,2955,32093.969140625,31387.1255859375,31307.096744791663,31208.91708984375,31007.617421875,30707.317578125,-0.9853671157564328,0.0142769905312657,-0.0152688684447619,0.0029343665646754,-0.0239640529707952,Capital Goods,1.0,1.0
238,238,2020-12-21,33694.8359375,34547.84636997356,31886.823052685446,32760.90589640393,26281,32521.763671875,31689.96328125,31440.756901041663,31364.62734375,31194.010703125,30842.410677083335,-0.8239667200922101,0.0326819240216215,-0.0277173048958719,0.0253157615622701,-0.0536584563927898,Capital Goods,1.0,1.0
239,239,2020-12-22,34502.58203125,34692.628854538256,32724.21758467236,33335.06964625291,13784,33094.73515625,32096.1453125,31641.981119791668,31566.71689453125,31395.827890625,30982.635677083337,-0.701709342889013,0.023972400258849,-0.0338384061789822,0.0055081913323509,-0.0515429380029275,Capital Goods,1.0,1.0
240,240,2020-12-23,36949.109375,37879.37110626155,33869.56242409858,34705.51736842635,19892,33988.839453125,32715.8724609375,32023.195052083334,31877.862109375,31687.3846875,31259.444401041663,-0.3314122673387425,0.0709085291510678,-0.0607211390077964,0.0251768377370136,-0.0833456341165577,Capital Goods,1.0,1.0
241,241,2020-12-24,37930.6875,38545.157440342155,37038.10822449549,37186.60674074687,23005,35141.137890625,33455.608203125,32503.090625,32245.32783203125,31936.572578125,31563.113541666666,-0.1828443349017038,0.0265656775387431,-0.0196168540117583,0.016199810255012,-0.0235318507080714,Capital Goods,1.0,1.0
242,242,2020-12-28,37067.86328125,38872.4056319848,36889.11963035293,38562.765104980026,7269,36029.015625,34061.4923828125,32934.422265625,32487.57646484375,32172.936796875,31844.517122395835,-0.3134381276640382,-0.0227473920358021,0.040328783247838,0.0486821249189075,-0.0048220651279753,Capital Goods,1.0,0.0
243,243,2020-12-29,36730.59765625,37464.26615418785,36507.77628685116,37185.614518684226,4541,36636.16796875,34578.9658203125,33338.69817708333,32739.60966796875,32418.93546875,32101.0369140625,-0.364485370172968,-0.0090985990328338,0.0123879515027929,0.0199743141890589,-0.0060663692838366,Capital Goods,1.0,0.0
244,244,2020-12-30,37214.67578125,37533.43864039587,36596.583941077806,36730.60293951905,6004,37178.58671875,35136.6609375,33790.29244791667,33026.13251953125,32689.090859375,32359.621028645834,-0.2912171459353421,0.013179151875783,-0.0130075791759239,0.0085655148796559,-0.0166088196980506,Capital Goods,1.0,1.0
245,245,2020-12-31,36795.01171875,37831.17786932516,36363.100864841945,37214.674233001395,5067,37147.7671875,35568.3033203125,34193.170703125,33304.3380859375,32931.843125,32597.4484375,-0.3547359026147997,-0.0112768431724841,0.0114054186871626,0.0281605060624876,-0.0117382991262362,Capital Goods,1.0,0.0
246,246,2021-01-01,36677.75,37461.29511479692,36501.08648715855,36948.61571795889,3767,36897.1796875,36019.1587890625,34602.79869791667,33601.612890625,33175.698203125,32763.3404296875,-0.3724841904637175,-0.0031868917353882,0.0073850145649307,0.0213629547831293,-0.0048166398658981,Capital Goods,1.0,0.0
247,247,2021-01-04,36544.41796875,37173.56888333434,36438.017788219266,37136.878097329274,5404,36792.490625,36410.753125,34971.82513020833,33898.93935546875,33348.559296875,32942.86243489583,-0.3926648197034361,-0.0036352292943269,0.0162120553975138,0.0172160606066387,-0.0029115303087251,Capital Goods,1.0,0.0
248,248,2021-01-05,37020.40625,37087.44285658381,36244.54642802509,36789.94999944544,4606,36850.45234375,36743.31015625,35336.12799479167,34216.63671875,33561.778203125,33157.52161458333,-0.3206210434532551,0.013024924399043,-0.00622511403571,0.0018108014842168,-0.0209576258222425,Capital Goods,1.0,1.0
249,249,2021-01-06,37488.37109375,37930.34561419878,36921.84466022126,37137.03119612404,6432,36905.19140625,37041.8890625,35726.17109375,34569.0171875,33801.944296875,33391.77428385417,-0.2497916641930364,0.012640726862634,-0.0093719702237086,0.0117896432294564,-0.0151120578728797,Capital Goods,1.0,1.0
250,250,2021-01-07,38612.98828125,38683.99146588713,37682.43208673957,37880.76067666978,6704,37268.78671875,37208.276953125,36135.131119791666,34962.07470703125,34097.2278125,33654.66705729167,-0.0795738831783744,0.0299990945108707,-0.0189632462332831,0.0018388420010373,-0.0240995643158313,Capital Goods,1.0,1.0
251,251,2021-01-08,40282.5703125,41361.427486322325,38872.403679305564,38872.403679305564,25979,37989.75078125,37443.465234375,36676.022786458336,35449.53671875,34479.24046875,33978.040299479166,0.1731277042952093,0.0432388713116184,-0.0350068682870727,0.0267822327486273,-0.0350068682870727,Capital Goods,1.0,1.0
252,252,2021-01-11,40115.625,41223.73562230721,39342.88724338067,40657.36030977544,10731,38703.9921875,37748.24140625,37175.16614583333,35904.86689453125,34859.949921875,34241.1314453125,0.1478594966238329,-0.0041443560131562,0.0135043467420845,0.0276229180601625,-0.019262762492653,Capital Goods,1.0,0.0
253,253,2021-01-12,39669.83203125,41052.97640178173,39370.208661367345,40259.712393402166,10280,39233.87734375,38042.16484375,37573.49921875,36310.56533203125,35220.08484375,34507.12805989583,0.0803859680525264,-0.0111127015657864,0.0148697469071077,0.0348664035038552,-0.0075529276162961,Capital Goods,1.0,0.0
254,254,2021-01-13,40404.8828125,40806.10305688276,39417.85343125178,40062.32056654053,9972,39817.1796875,38361.185546875,37966.9859375,36748.9232421875,35618.6496875,34804.48352864583,0.1916404591879544,0.0185292133496043,-0.0084782388195292,0.009929994011977,-0.0244284678618809,Capital Goods,1.0,1.0
255,255,2021-01-14,40301.0625,41053.9674029995,39981.207294640175,40715.61960623101,5034,40154.79453125,38711.790625,38190.449479166666,37140.04697265625,36000.618671875,35106.822265625,0.1759266114765537,-0.0025694991613211,0.0102865056282575,0.018682011249691,-0.0079366444832521,Capital Goods,1.0,0.0
256,256,2021-01-15,38925.15625,40587.20010480834,38609.418700548915,40587.20010480834,5230,39883.31171875,38936.53125,38256.747395833336,37477.84501953125,36336.29171875,35379.91901041667,-0.0323253264827394,-0.0341406941814499,0.0426984504348224,0.0426984504348224,-0.0081114009516939,Capital Goods,1.0,0.0
257,257,2021-01-18,38544.86328125,39343.2869283116,37395.40190274364,38925.15835338755,7678,39569.159375,39136.57578125,38355.2140625,37773.664453125,36637.725390625,35644.8181640625,-0.0898850241252789,-0.0097698507953966,0.0098662970825103,0.0207141387747507,-0.0298213894318186,Capital Goods,1.0,0.0
258,258,2021-01-19,39356.0234375,39780.249026407444,38684.97949094941,38996.35534801942,5175,39506.39765625,39370.1375,38530.242447916666,38056.723828125,36949.731796875,35934.4703125,0.0328890925955554,0.0210445721478167,-0.0091388320786971,0.0107791781753849,-0.0170506033877191,Capital Goods,1.0,1.0
259,259,2021-01-20,39765.375,41061.552947803604,39417.804173264674,39635.8648914378,10977,39378.49609375,39597.837890625,38700.2890625,38319.8634765625,37274.8378125,36245.290755208334,0.0948469884894724,0.0104012429799996,-0.0032568562112692,0.0325956425106919,-0.0087405393947705,Capital Goods,1.0,1.0
260,260,2021-01-21,40381.29296875,41509.92995091959,40053.05912087097,40558.20053852713,9954,39394.5421875,39774.668359375,38939.37447916667,38491.47265625,37590.946015625,36566.27259114583,0.1880699901410303,0.0154888007154465,0.0043809288106262,0.0279495008503816,-0.0081283639959979,Capital Goods,1.0,1.0
261,261,2021-01-22,39567.046875,41103.59752305736,38971.56532342953,40409.44750457388,5306,39522.9203125,39703.116015625,39131.99427083333,38573.290625,37886.860078125,36867.396484375,0.0648287976548258,-0.0201639431005867,0.021290460019298,0.0388340998233105,-0.015049936717585,Capital Goods,1.0,0.0
262,262,2021-01-25,38918.16796875,40300.371099313685,38475.995909107914,40257.7304507588,4034,39597.58125,39583.3703125,39290.24427083333,38665.805859375,38138.4478125,37131.03470052083,-0.0333830461590015,-0.016399477785136,0.0344199779158265,0.035515626832012,-0.0113615846459457,Capital Goods,1.0,0.0
263,263,2021-01-27,38053.69921875,39169.69644692515,37930.588303883225,38888.41461812108,4186,39337.11640625,39421.75703125,39359.13046875,38731.9609375,38312.80234375,37347.62923177083,-0.1642257489178179,-0.0222124728659925,0.0219351972740615,0.0293269051652478,-0.0032351891509699,Capital Goods,1.0,0.0
264,264,2021-01-28,39011.58203125,39516.97130808559,37548.4128677599,38055.2896090111,8437,39186.3578125,39282.426953125,39460.67786458333,38821.80625,38493.16234375,37593.424479166664,-0.0192442488766463,0.0251718711233211,-0.0245130387553333,0.0129548521367512,-0.037506019682002,Capital Goods,1.0,1.0
265,265,2021-01-29,38658.90234375,39467.43997677479,37968.32373913929,39011.58248495638,3648,38841.8796875,39118.2109375,39463.73880208333,38915.00078125,38561.5540625,37799.4349609375,-0.0726245052718425,-0.0090403841407274,0.0091228700202192,0.0209146557197972,-0.0178633784909404,Capital Goods,1.0,0.0
266,266,2021-02-01,40528.80078125,40756.530062191705,37786.559075907906,38674.07962105783,6286,39034.23046875,39278.575390625,39480.15416666667,39107.5533203125,38665.47859375,38078.0884765625,0.2103962117257212,0.0483691549458156,-0.0457630407127721,0.0056189494026939,-0.067661555547697,Capital Goods,1.0,1.0
267,267,2021-02-02,40766.7890625,41294.242382165,40161.538256882915,41004.434738817494,8939,39403.9546875,39500.76796875,39523.565104166664,39318.671875,38813.435625,38349.365625,0.2464172129980926,0.0058720780448086,0.005829394018576,0.0129383091431694,-0.0148466636577427,Capital Goods,1.0,1.0
268,268,2021-02-03,41569.03125,42011.59841891223,40493.88881805479,40905.273463162244,11273,40107.02109375,39722.06875,39650.178385416664,39546.103125,39006.97296875,38611.83880208333,0.367841539880522,0.0196788171437802,-0.015967602969765,0.0106465596046871,-0.0258640242414889,Capital Goods,1.0,1.0
269,269,2021-02-04,42194.3046875,42452.23255527013,41748.16609616614,41847.33038618078,5652,40743.565625,39964.96171875,39769.47317708333,39781.3998046875,39206.158125,38868.22955729167,0.4624805497068412,0.0150418092194534,-0.008223249651558,0.00611285977291,-0.0105734315244215,Capital Goods,1.0,1.0
270,270,2021-02-05,41488.30859375,42139.86838774793,40845.37919255269,41947.4896498441,8824,41309.446875,40075.66328125,39848.62291666667,39925.1658203125,39393.89,39019.53619791667,0.3556236655876446,-0.0167320234088168,0.0110677217668804,0.0157046603267909,-0.0154966404509959,Capital Goods,1.0,0.0
271,271,2021-02-08,42227.62890625,42869.71773682515,41647.96322664444,41648.0135835146,7923,41649.2125,40341.721484375,40068.787760416664,40022.41875,39615.88515625,39162.767578125,0.4675243767376922,0.0178199675416841,-0.0137259736752497,0.015205419939648,-0.0137271661852594,Capital Goods,1.0,1.0
272,272,2021-02-09,42300.66015625,42695.38440386952,41946.49642910452,42441.32625695613,3044,41955.98671875,40679.970703125,40319.17421875,40131.6705078125,39846.13484375,39337.194140625,0.4785781090280206,0.0017294660366116,0.0033253878352379,0.0093313968661832,-0.0083725342781241,Capital Goods,1.0,1.0
273,273,2021-02-10,41986.80859375,42640.64997011774,41579.5919359776,42581.15138876409,3886,42039.5421875,41073.281640625,40494.559895833336,40247.5193359375,40044.7909375,39512.401171875,0.4310747299844432,-0.007419542894619,0.0141554648929083,0.0155725428596891,-0.0096986808812379,Capital Goods,1.0,0.0
274,274,2021-02-11,41282.73828125,42161.23707894909,41054.017388406195,42070.451393795476,3484,41857.22890625,41300.397265625,40595.717447916664,40291.412109375,40196.565625,39648.003255208336,0.3245093247922434,-0.0167688456465539,0.0190809317729594,0.0212800515245397,-0.0055403517878485,Capital Goods,1.0,0.0
275,275,2021-02-12,41480.27734375,41649.00384201549,40855.68948311995,41568.68076317731,2360,41855.62265625,41582.534765625,40668.983072916664,40350.3728515625,40311.2571875,39804.17877604167,0.3544080861273903,0.0047850280946532,0.0021312157268069,0.0040676318739925,-0.0150574658759883,Capital Goods,1.0,1.0
276,276,2021-02-15,42048.19140625,42193.269547530224,41363.36122149857,41549.840456790036,5892,41819.73515625,41734.473828125,40834.39270833333,40506.524609375,40381.88203125,39983.19348958333,0.4403653990692859,0.0136911828673095,-0.0118518997558094,0.0034502825550462,-0.0162867928880678,Capital Goods,1.0,1.0
277,277,2021-02-16,42985.69140625,43047.2236305513,41883.778453759216,42442.32138649149,13624,41956.74140625,41956.3640625,41105.5609375,40728.566015625,40496.6846875,40197.902604166666,0.5822618341184307,0.0222958459959029,-0.012640718387503,0.0014314582896846,-0.0256344126718075,Capital Goods,1.0,1.0
278,278,2021-02-17,43920.36328125,44143.92841573649,42529.68471948038,43080.93750105835,7175,42343.45234375,42191.497265625,41496.671875,40956.7830078125,40666.7059375,40427.901171875,0.7237302149218439,0.0217437906527217,-0.0191124507512897,0.0050902387362978,-0.0316636397760242,Capital Goods,1.0,1.0
279,279,2021-02-18,43046.375,44564.4331237061,42491.949763872406,43637.2469872872,9732,42696.1796875,42276.704296875,41765.65807291667,41120.8330078125,40772.365625,40613.16796875,0.5914466721121326,-0.0198993864338802,0.013726405238239,0.0352656437088163,-0.0128797195147697,Capital Goods,1.0,0.0
280,280,2021-02-19,43233.0546875,43581.52035951569,42640.648712733186,43136.47020939287,4788,43046.73515625,42451.17890625,42070.6015625,41263.42109375,40889.6453125,40767.170182291666,0.6197017997412936,0.0043367109890205,-0.0022340424197472,0.0080601677243141,-0.0137026166448075,Capital Goods,1.0,1.0
281,281,2021-02-22,44532.94921875,48237.4793450396,43789.06981410359,44623.93245881881,26570,43543.68671875,42681.7109375,42337.54479166667,41511.7162109375,41113.95703125,40908.84947916667,0.8164488929938313,0.0300671451657992,0.0020430544499061,0.0831862742369162,-0.0167040229245183,Capital Goods,1.0,1.0
282,282,2021-02-23,44430.76171875,45992.40187405008,44074.118866855344,44921.32673115898,13761,43832.70078125,42894.72109375,42581.80963541667,41787.3458984375,41349.39296875,41052.68736979167,0.8009821815734746,-0.0022946492831194,0.0110411119105788,0.0351477241192799,-0.0080269353506076,Capital Goods,1.0,0.0
283,283,2021-02-24,46336.3515625,47598.86019765469,43748.31073624858,44771.686230498155,7298,44315.8984375,43329.675390625,42899.63098958333,42201.478515625,41628.60609375,41274.9046875,1.0894050141003884,0.0428889753412854,-0.0337675556931014,0.027246612920134,-0.0558533578708841,Capital Goods,1.0,1.0
284,284,2021-02-25,46579.99609375,47591.66939728264,46408.88733804225,46883.7835695017,23047,45022.62265625,43859.401171875,43192.010416666664,42579.89921875,41901.1909375,41480.741796875,1.126282123864223,0.0052581725369845,0.0065218441654713,0.02171905084527,-0.0036734386014838,Capital Goods,1.0,1.0
285,285,2021-02-26,44612.42578125,46904.709052594284,44475.23431054145,46309.723314083574,11394,45298.496875,44172.616015625,43400.284895833334,42877.575390625,42070.43625,41624.45390625,0.8284781632751226,-0.0422406714792319,0.0380453988571705,0.0513821705769628,-0.0030751851822908,Capital Goods,1.0,0.0
286,286,2021-03-01,45088.3203125,46029.28876654159,44724.189792796766,44909.921420071754,8558,45409.57109375,44476.62890625,43590.99765625,43105.5513671875,42291.2871875,41829.89270833333,0.9005077498817986,0.0106673090045242,-0.0039566542109307,0.0208694501706847,-0.0080759388945852,Capital Goods,1.0,1.0
287,287,2021-03-02,45387.1484375,46209.569053761916,45169.33561661957,46209.569053761916,8210,45600.8484375,44716.774609375,43796.76354166667,43336.5693359375,42550.04640625,42057.96888020833,0.9457372385537136,0.0066276171507137,0.0181201208838759,0.0181201208838759,-0.0047989976982221,Capital Goods,1.0,1.0
288,288,2021-03-03,46292.515625,46881.900116126526,45615.96727476146,45903.14860028125,10846,45592.08125,44953.98984375,44083.81067708333,43572.7435546875,42879.5990625,42289.185286458334,1.082770173291549,0.0199476551990643,-0.0084110145984045,0.0127317447144357,-0.0146146378330145,Capital Goods,1.0,1.0
289,289,2021-03-04,47636.7421875,49185.49094108782,45843.65415738891,46111.39775726983,13661,45803.43046875,45413.0265625,44507.4109375,43844.8654296875,43224.60546875,42551.564192708334,1.286227194216473,0.0290376650383211,-0.0320203347287343,0.0325116429560166,-0.0376408618174061,Capital Goods,1.0,1.0
290,290,2021-03-05,46517.2265625,49073.43414994777,46111.39668948555,47636.74108439389,9410,46184.390625,45741.44375,44843.20755208333,44096.311328125,43538.9384375,42756.0953125,1.1167815663025369,-0.0235010954484155,0.0240666652898948,0.0549518485160174,-0.0087242921172263,Capital Goods,1.0,0.0
291,291,2021-03-08,47494.48828125,47987.435511055926,46744.112881496316,46854.034171632906,7321,46665.62421875,46037.59765625,45206.29401041667,44359.654296875,43817.5659375,43020.343359375,1.2646961839032034,0.0210085981251905,-0.0134848091387886,0.0103790407612525,-0.0157992101169751,Capital Goods,1.0,1.0
292,292,2021-03-09,47926.6015625,48342.54544023214,47103.04205871551,47812.06679707302,7140,47173.51484375,46387.181640625,45535.68802083333,44640.9513671875,44103.9584375,43320.62447916667,1.3300992069930844,0.0090981774283183,-0.0023897952638601,0.0086787684536679,-0.0171837659449002,Capital Goods,1.0,1.0
293,293,2021-03-10,48639.94140625,48749.169332030026,47827.584370897006,48362.428566377224,7492,47643.0,46617.540625,45850.3265625,44973.6080078125,44386.79484375,43673.49921875,1.4380676131868326,0.0148840063867192,-0.0057054517717226,0.0022456426266581,-0.0167014394315987,Capital Goods,1.0,1.0
294,294,2021-03-12,48486.73046875,49453.97744882845,48244.8664300594,48503.23977435866,6511,47812.99765625,46808.2140625,46213.016927083336,45333.8076171875,44638.491875,43989.3375,1.414878188288926,-0.0031498997134958,0.0003404912116997,0.0199486946372233,-0.0049882521744063,Capital Goods,1.0,0.0
295,295,2021-03-15,48215.4140625,49572.22948545404,47995.51724536858,48737.266148251554,9976,48152.63515625,47168.512890625,46545.17421875,45670.564453125,44907.57609375,44307.887890625,1.3738127687505577,-0.0055956836773076,0.0108233455192376,0.028140698350018,-0.0045607161404105,Capital Goods,1.0,0.0
296,296,2021-03-16,48389.9921875,49071.398049853,47995.515871176634,48583.56010488754,13402,48331.7359375,47498.680078125,46802.31041666667,45987.6544921875,45154.070625,44569.92760416667,1.4002362498972925,0.0036207948929713,0.0040001642620133,0.0140815452028326,-0.0081520227321976,Capital Goods,1.0,1.0
297,297,2021-03-17,46596.5625,48630.17445479552,46309.72975201775,48241.450384928474,7943,48065.728125,47619.621484375,46946.69713541667,46168.198046875,45325.90671875,44764.25338541667,1.128789552118571,-0.0370619958058863,0.0353006272711313,0.0436429608899908,-0.0061556632634058,Capital Goods,1.0,0.0
298,298,2021-03-18,44680.703125,47712.30273982326,43434.10725614346,47102.442341732494,20883,47273.88046875,47458.440234375,46836.320572916666,46206.2150390625,45433.6625,44867.97578125,0.8388123623927225,-0.0411158950834624,0.0542010095489626,0.0678503112706612,-0.0279000951567173,Capital Goods,1.0,0.0
299,299,2021-03-19,42560.47265625,45764.27360091271,41690.70491446804,44618.379769866246,132081,46088.62890625,46950.81328125,46568.35234375,46181.919921875,45484.771875,44880.181380208334,0.517902341061307,-0.0474529342749684,0.0483525436908898,0.0752764418416822,-0.0204360451728731,Capital Goods,1.0,0.0
300,300,2021-03-22,44137.87890625,44237.190394647536,41501.495505581544,42489.91558013579,8784,45273.121875,46712.878515625,46536.71588541667,46227.1611328125,45591.0759375,44968.500390625,0.7566525527938296,0.0370627051710704,-0.0373367132030636,0.0022500285663584,-0.0597306319650793,Capital Goods,1.0,1.0
301,301,2021-03-23,44317.16796875,44866.987520054725,42843.93511916905,44424.56367862687,18133,44458.55703125,46395.146484375,46485.30572916667,46216.3720703125,45681.835,45038.151692708336,0.7837890635266864,0.0040620226196373,0.0024233432504667,0.0124064685652391,-0.0332429376042212,Capital Goods,1.0,1.0
302,302,2021-03-24,44319.10546875,44524.77067740344,43176.13619808787,44176.70398458008,6393,44003.065625,46034.396875,46414.102864583336,46210.7892578125,45735.1715625,45105.433203125,0.7840823161591214,4.371894885896628e-05,-0.0032130947288709,0.0046405541465284,-0.0257895383621415,Capital Goods,1.0,1.0
303,303,2021-03-25,44227.82421875,44524.770941992814,43328.35365599027,44336.35877096879,6548,43912.48984375,45593.18515625,46276.456770833334,46105.362890625,45747.47,45180.13372395833,0.770266333266503,-0.0020596365615809,0.0024539880524527,0.0067140251298396,-0.0203372103115668,Capital Goods,1.0,0.0
304,304,2021-03-26,45063.375,45169.085681405144,44128.1085587194,44356.186423180196,3562,44413.0703125,45250.849609375,46104.89895833333,46029.5318359375,45828.15,45306.154947916664,0.8967321222391993,0.0188919711970767,-0.0156932004498066,0.0023458225533516,-0.0207544694839345,Capital Goods,1.0,1.0
305,305,2021-03-30,46220.08203125,46607.2178831179,45113.455000521884,45610.616734766125,10339,44829.5109375,45051.31640625,46085.08932291667,46109.9146484375,45947.63109375,45464.1484375,1.0718068999785644,0.0256684509593433,-0.0131861578279287,0.0083759230804945,-0.023942558777371,Capital Goods,1.0,1.0
306,306,2021-03-31,47083.05859375,47375.790808696795,45532.72173013342,45641.85280808257,12136,45382.6890625,44920.623046875,46057.66067708333,46209.6515625,46049.63546875,45631.97734375,1.202423750911594,0.0186710305255739,-0.030609859017501,0.0062173576587833,-0.0329277007467475,Capital Goods,1.0,1.0
307,307,2021-04-01,45727.234375,47375.63928446775,45417.24525206894,47375.63928446775,4054,45664.31484375,44833.690234375,45911.03619791667,46226.655859375,46101.494375,45723.362109375,0.9972113528380828,-0.0287964346252131,0.0360486465450655,0.0360486465450655,-0.0067790918731034,Capital Goods,1.0,0.0
308,308,2021-04-05,44927.078125,46110.40645565856,44623.93364383396,46110.40645565856,3303,45804.165625,44858.327734375,45663.511979166666,46158.383984375,46045.1234375,45756.919270833336,0.8761027455236378,-0.0174984614953547,0.0263388668937294,0.0263388668937294,-0.0067474782206535,Capital Goods,1.0,0.0
309,309,2021-04-06,44176.8515625,45119.7568661438,44072.58184964604,44833.172036818185,2887,45626.8609375,45019.965625,45376.18671875,45985.389453125,45948.99765625,45794.601822916666,0.7625513058458517,-0.0166987614999723,0.0148566602441018,0.021343877399452,-0.0023602794034889,Capital Goods,1.0,0.0
310,310,2021-04-07,43512.55078125,45119.7561614402,43425.088644027375,44326.441767392906,5585,45085.3546875,44957.4328125,45062.6625,45835.1556640625,45905.00265625,45803.918359375,0.6620052656754659,-0.0150373047818984,0.0187047408513136,0.0369365930365719,-0.0020100438988814,Capital Goods,1.0,0.0
311,311,2021-04-08,43197.15625,44506.91903766495,43091.29836471702,43632.28995270393,3564,44308.17421875,44845.431640625,44716.4734375,45620.2890625,45829.35609375,45759.391927083336,0.6142683487492034,-0.0072483576712286,0.0100732025086474,0.0303205789771161,-0.0024505753265409,Capital Goods,1.0,0.0
312,312,2021-04-09,42888.0078125,43764.720820514565,42739.807560771864,43533.12185424327,2165,43740.32890625,44702.321875,44469.23645833333,45368.359375,45729.39046875,45707.966796875,0.5674768168214559,-0.0071566849380276,0.0150418281157662,0.0204419149485195,-0.0034555172713092,Capital Goods,1.0,0.0
313,313,2021-04-12,42899.51953125,43622.376944149655,40379.704232002136,42639.658700193024,10571,43334.8171875,44569.49140625,44350.490885416664,45081.33828125,45593.670625,45593.40572916667,0.5692191867968301,0.0002684134642095,-0.0060574298709261,0.0168500118602281,-0.0587376112082633,Capital Goods,1.0,1.0
314,314,2021-04-13,42726.421875,43298.452632165885,42255.441853658886,42642.62804982419,3628,43044.73125,44335.79609375,44361.55416666667,44793.3228515625,45397.2578125,45464.95325520833,0.5430197837704437,-0.0040349555925424,-0.0019611711324892,0.0133882204983,-0.0110231561800098,Capital Goods,1.0,0.0
315,315,2021-04-15,42507.71875,43026.29768540904,42243.99206720296,42283.657787453856,2765,42843.76484375,43964.559765625,44252.87682291667,44507.9380859375,45236.8775,45394.79635416667,0.5099177104140624,-0.0051186857078703,-0.0052710653296619,0.0121996416335337,-0.0062042069194089,Capital Goods,1.0,0.0
316,316,2021-04-16,42764.20703125,43221.55198421593,42303.53852496567,42507.716258547734,1907,42757.175,43532.674609375,44149.34609375,44226.648828125,45047.66625,45317.325911458334,0.5487388013380703,0.0060339225155431,-0.005997790921619,0.0106945734462402,-0.0107722915555922,Capital Goods,1.0,1.0
317,317,2021-04-19,43193.83984375,43552.9618171236,41323.30282413726,42442.3216250658,3948,42818.34140625,43279.33515625,44074.328385416666,44056.5126953125,44858.35578125,45244.215625,0.613766390110217,0.0100465515983038,-0.0173987360559457,0.0083141942154874,-0.0433056432671706,Capital Goods,1.0,1.0
318,318,2021-04-20,43975.0078125,44128.11595076104,42698.16666534537,43470.65660524746,4046,43033.4390625,43184.128125,44057.473958333336,44021.2279296875,44671.7584375,45166.96536458333,0.7320010033797709,0.0180851707460093,-0.0114690419022319,0.0034817080400273,-0.0290356093306181,Capital Goods,1.0,1.0
319,319,2021-04-22,43053.21875,43830.61643118918,42894.505528224414,43632.28785005258,2731,43098.7984375,43071.76484375,43923.463541666664,44045.865234375,44454.41796875,45014.18125,0.5924825160879914,-0.0209616577313712,0.013450076832004,0.0180566680903313,-0.0036864426489735,Capital Goods,1.0,0.0
320,320,2021-04-23,42759.09765625,43533.12533252695,42541.48238645572,42913.793955837114,1493,43149.07421875,42996.41953125,43692.73125,43976.926171875,44236.1653125,44888.91028645833,0.5479654657670524,-0.0068315703747469,0.0036178569723512,0.0181020582449968,-0.0050893326034084,Capital Goods,1.0,0.0
321,321,2021-04-26,43545.96875,43785.99671313496,43035.818782810275,43235.53413378764,2202,43305.4265625,43031.30078125,43456.92526041667,43938.3662109375,44042.404375,44757.29296875,0.6670632823498219,0.0184024251417986,-0.0071288944791786,0.0055120593254676,-0.0117152053756922,Capital Goods,1.0,1.0
322,322,2021-04-27,42655.62109375,43830.56688820276,42566.32287371407,43830.56688820276,4310,43197.7828125,43008.062109375,43252.151041666664,43855.1919921875,43884.76671875,44581.59361979167,0.5323036467485031,-0.0204461556788767,0.0275449229040745,0.0275449229040745,-0.0020934689906324,Capital Goods,1.0,0.0
323,323,2021-04-28,43842.8125,43978.31894770496,42693.89353018161,43225.71237200761,2587,43171.34375,43102.39140625,43179.86666666667,43835.94140625,43851.25109375,44421.68932291667,0.7119924235675494,0.0278320037502384,-0.014075286068666,0.0030907334629812,-0.0262054121144347,Capital Goods,1.0,1.0
324,324,2021-04-29,42904.02734375,44242.892478837566,42739.80972723532,43731.553358074314,2834,43141.50546875,43120.151953125,43095.01171875,43727.9740234375,43864.99328125,44235.59921875,0.5699014721553581,-0.0214125212941117,0.0192878399898013,0.0312060479628284,-0.0038275571474667,Capital Goods,1.0,0.0
325,325,2021-04-30,42754.6328125,43324.87783067557,42524.12619761834,42640.64423710345,1990,43140.6125,43144.843359375,43044.48385416667,43554.7015625,43809.6634375,44053.57317708333,0.5472896839951309,-0.0034820631185282,-0.0026661104983978,0.0133376193563952,-0.0053913833359895,Capital Goods,1.0,0.0
326,326,2021-05-03,42684.72265625,42987.71992051458,42442.31632290713,42749.725623376784,2954,42968.36328125,43136.894921875,43010.321614583336,43334.784765625,43744.365625,43863.39752604167,0.536708348586487,-0.0016351480915902,0.001522862585995,0.0070984943888399,-0.005678995159346,Capital Goods,1.0,0.0
327,327,2021-05-04,42216.6171875,43075.92612822757,42045.659498791305,43067.05169887986,1557,42880.5625,43039.17265625,42965.562239583334,43159.25390625,43660.26609375,43717.39934895833,0.4658576848610108,-0.0109665810065058,0.0201445442111753,0.0203547559699313,-0.0040495354696329,Capital Goods,1.0,0.0
328,328,2021-05-05,41742.515625,42664.991457582364,41634.07792152096,42349.1028285543,1843,42460.503125,42815.9234375,42888.42864583333,43000.02578125,43560.85375,43619.459765625,0.3940994751863663,-0.0112302120369885,0.0145316398514085,0.0220991911668564,-0.0025977759570889,Capital Goods,1.0,0.0
329,329,2021-05-06,41861.3203125,42144.829510281015,41505.765923169194,42144.829510281015,2581,42251.96171875,42696.73359375,42830.755208333336,42884.24921875,43432.7715625,43596.1546875,0.4120813009179691,0.002846131473419,0.0067725813630479,0.0067725813630479,-0.0084936257785599,Capital Goods,1.0,1.0
330,330,2021-05-07,41429.3046875,42144.8254337917,41054.018187270034,42124.99257476404,2183,41986.89609375,42563.754296875,42758.8609375,42780.0869140625,43241.14046875,43505.868880208334,0.346693058706739,-0.0103201624261955,0.0167921690337695,0.0172708847442373,-0.0090584793314959,Capital Goods,1.0,0.0
331,331,2021-05-10,41335.49609375,42025.62920608862,41164.08906635944,41748.066029870075,1356,41717.05078125,42342.70703125,42663.613541666666,42687.00390625,43011.23796875,43406.479817708336,0.332494546674634,-0.0022643052896396,0.0099810084578242,0.0166958952367084,-0.0041467272341864,Capital Goods,1.0,0.0
332,332,2021-05-11,41791.30078125,41896.91074561468,41207.76931624892,41317.791316610215,2198,41631.9875,42256.275,42570.1109375,42632.1685546875,42853.800625,43322.21966145833,0.4014834109252361,0.011026955778303,-0.0113303356389478,0.0025270800953882,-0.013962988806103,Capital Goods,1.0,1.0
333,333,2021-05-12,43609.18359375,43830.618238440366,41629.12054018426,41787.833768504,8069,42005.32109375,42232.912109375,42545.72265625,42667.6517578125,42801.08484375,43301.598307291664,0.6766312407181565,0.0434990722594499,-0.0417652814190043,0.0050777067223541,-0.0454047264909017,Capital Goods,1.0,1.0
334,334,2021-05-14,41702.5546875,44921.42786283707,41504.22608766407,44227.27776341133,10947,41973.56796875,42112.76484375,42455.678385416664,42616.4583984375,42702.11296875,43189.570963541664,0.3880511396423964,-0.0437208117448741,0.0605412089218624,0.0771864745327435,-0.0047557901745375,Capital Goods,1.0,0.0
335,335,2021-05-17,42117.2578125,42572.52264986679,41988.495296896246,42244.73429112592,4768,42111.15859375,42049.02734375,42412.8890625,42596.9353515625,42646.30125,43052.81015625,0.4508190276863856,0.0099443098416295,0.0030267041409348,0.0108094605634954,-0.0030572388206513,Capital Goods,1.0,1.0
336,336,2021-05-18,42167.08984375,42661.37353097257,42045.66393100997,42520.660936268316,2526,42277.47734375,41997.2640625,42320.96380208333,42567.0794921875,42605.09859375,42888.94453125,0.4583614144443937,0.001183173687894,0.0083850010477002,0.0117220251398455,-0.002879637015264,Capital Goods,1.0,1.0
337,337,2021-05-19,42144.18359375,42640.64810180008,41996.08016537752,42167.08822240424,12153,42348.05390625,41990.020703125,42286.86796875,42514.5966796875,42575.345625,42769.509505208334,0.4548944115480263,-0.0005432257735802,0.0005434825568109,0.0117801429690929,-0.003514208029277,Capital Goods,1.0,0.0
338,338,2021-05-20,41677.86328125,42269.672709437255,41554.798838695286,42144.82640841307,2412,41961.78984375,41983.55546875,42142.53802083333,42399.739453125,42526.479375,42661.20234375,0.3843139422842896,-0.0110648794859833,0.0112041042990116,0.0141996105748898,-0.0029527531611746,Capital Goods,1.0,0.0
339,339,2021-05-21,42072.23828125,42194.407919117315,41780.34662673168,42194.407919117315,1440,42035.7265625,42004.647265625,42087.08541666667,42350.6904296875,42500.31203125,42591.048567708334,0.4440050426282965,0.009462457260313,0.0029038064733,0.0029038064733,-0.0069378684482399,Capital Goods,1.0,1.0
340,340,2021-05-24,41997.8671875,42469.09517092737,41772.16768907928,42144.82790679743,1558,42011.8484375,42061.503515625,42036.634375,42312.62890625,42479.91796875,42540.55911458333,0.432748516682877,-0.0017676999557958,0.003499242441082,0.0112202836711581,-0.0053740704834623,Capital Goods,1.0,0.0
341,341,2021-05-25,41931.57421875,42351.3878354522,41699.033933471925,42046.65516450103,1351,41964.7453125,42121.111328125,41986.424479166664,42231.9091796875,42446.61265625,42498.373046875,0.4227146650194644,-0.0015784841752566,0.0027444938067593,0.010011873499242,-0.005545708445501,Capital Goods,1.0,0.0
342,342,2021-05-26,43343.08203125,44118.39580743594,41772.16840649408,42105.16290954836,5934,42204.525,42276.289453125,42061.522135416664,42266.2822265625,42452.58234375,42513.5421875,0.6363551200997488,0.0336621707817693,-0.0285609389938886,0.0178878321487832,-0.0362436991357307,Capital Goods,1.0,1.0
343,343,2021-05-27,42791.625,43880.20106135833,42224.15731508786,43527.176166943784,4769,42427.27734375,42194.53359375,42131.46276041667,42213.7228515625,42405.24703125,42509.945703125,0.5528886808281117,-0.0127230691821223,0.0171891384574385,0.0254389979665023,-0.0132611856855666,Capital Goods,1.0,0.0
344,344,2021-05-28,42559.18359375,43433.95984516204,42442.316926322725,43115.64246821462,3573,42524.66640625,42280.196484375,42177.986979166664,42196.4806640625,42385.485625,42504.37109375,0.5177072334631144,-0.0054319368860144,0.0130749424090534,0.020554347558972,-0.0027459800108674,Capital Goods,1.0,0.0
345,345,2021-05-31,42488.37890625,44118.144079459824,41759.323790892646,42937.14769383147,6791,42622.76875,42317.30859375,42248.59192708333,42183.16796875,42374.656875,42503.72643229167,0.5069905052060277,-0.0016636758866398,0.010562153679049,0.0383579043296962,-0.0171589299033038,Capital Goods,1.0,0.0
346,346,2021-06-01,41171.08203125,42124.99218478107,40711.90099214188,41450.62462721491,13904,42470.6703125,42217.7078125,42237.63098958333,42107.4859375,42279.66140625,42450.622265625,0.3076094593778902,-0.0310036981619514,0.0067897801605683,0.0231694215082087,-0.0111529990579211,Capital Goods,1.0,0.0
347,347,2021-06-02,41582.61328125,41895.82137608067,41173.014394876656,41173.014394876656,4033,42118.5765625,42161.55078125,42223.718489583334,42075.7857421875,42236.74109375,42396.914713541664,0.3698972644832965,0.0099956384359205,-0.00985024398546,0.0075321888192125,-0.00985024398546,Capital Goods,1.0,1.0
348,348,2021-06-03,41595.0078125,41847.330574858905,41500.255558242774,41500.255558242774,2896,41879.253125,42153.265234375,42089.440104166664,42068.4103515625,42146.82890625,42317.581380208336,0.3717732536016754,0.0002980700411051,-0.0022779717865265,0.0060661789870628,-0.0022779717865265,Capital Goods,1.0,1.0
349,349,2021-06-04,41576.76171875,41895.92355592615,41502.24129950109,41895.92355592615,2133,41682.76875,42103.717578125,42081.05390625,42054.182421875,42093.73828125,42268.36614583333,0.3690115942345314,-0.0004386606640933,0.0076764477073791,0.0076764477073791,-0.0017923574652833,Capital Goods,1.0,0.0
350,350,2021-06-07,41179.703125,41857.19271913768,41021.2881858531,41847.326647883594,3456,41421.03359375,42021.901171875,42018.55026041667,42041.70234375,42030.74109375,42215.71966145833,0.3089143153451963,-0.0095500124910145,0.0162124413781479,0.0164520271571939,-0.0038469179504776,Capital Goods,1.0,0.0
351,351,2021-06-08,41192.25,41588.46169992889,41153.18081873703,41252.24439613334,1765,41425.2671875,41947.96875,41953.5609375,42034.5400390625,41971.0421875,42137.262369791664,0.3108133626342707,0.000304685902225,0.0014564486313164,0.0096185981569079,-0.0009484595102954,Capital Goods,1.0,1.0
352,352,2021-06-09,40880.28515625,41450.67743561905,40816.02591507369,41252.348835448625,2553,41284.8015625,41701.6890625,41869.301041666666,41988.9892578125,41917.58890625,42078.08450520833,0.2635955501662297,-0.0075733868324745,0.0091012985300016,0.0139527470806266,-0.0015718882813733,Capital Goods,1.0,0.0
353,353,2021-06-10,40671.296875,41180.85031285308,40369.78704230267,40954.80606285561,6206,41100.059375,41489.65625,41802.196614583336,41842.094921875,41874.74015625,41972.36731770833,0.2319638786180451,-0.0051122021397653,0.0069707437342594,0.0125285760967777,-0.0074133321497958,Capital Goods,1.0,0.0
354,354,2021-06-11,40437.76171875,41049.0592303571,40409.44953827882,41049.0592303571,2897,40872.259375,41277.5140625,41693.23151041667,41778.8552734375,41817.7978125,41890.158463541666,0.1966168854121571,-0.0057420140048091,0.0151169967284232,0.0151169967284232,-0.0007001421262653,Capital Goods,1.0,0.0
355,355,2021-06-14,40312.21875,40942.109575610615,40162.08555717162,40458.931549380126,3428,40698.7625,41059.898046875,41580.85494791667,41688.6033203125,41773.114375,41808.74466145833,0.1776151790536385,-0.0031045973717133,0.0036394126626961,0.0156253077886121,-0.0037242602239149,Capital Goods,1.0,0.0
356,356,2021-06-15,40355.30859375,40487.100277841775,40247.56812696786,40359.871701173215,4477,40531.37421875,40978.320703125,41475.77057291667,41598.0142578125,41733.906875,41731.09752604167,0.1841370939495848,0.0010689028062986,0.0001130732878082,0.0032657830824316,-0.0026697966274212,Capital Goods,1.0,1.0
357,357,2021-06-16,39938.76953125,40642.48742057846,39893.79697279179,40459.0334697963,6059,40343.07109375,40813.936328125,41248.81640625,41487.7435546875,41659.805625,41655.169270833336,0.1210913253869577,-0.0103217910360499,0.0130265389908723,0.0176199191309045,-0.0011260376567941,Capital Goods,1.0,0.0
358,358,2021-06-17,40617.34375,41153.22988664232,40007.38653853009,40146.56129260815,10999,40332.28046875,40716.169921875,41103.86432291667,41434.717578125,41540.13203125,41617.66354166667,0.2237977387809668,0.0169903636670391,-0.0115906756554421,0.013193529836434,-0.0150171615166221,Capital Goods,1.0,1.0
359,359,2021-06-18,40485.75390625,41021.68653133796,39815.403312724484,40706.94062754773,4911,40341.87890625,40607.069140625,40965.63567708333,41355.393359375,41491.46,41571.811328125,0.2038808004163813,-0.0032397451827459,0.0054633222789901,0.0132375607066372,-0.016557690763961,Capital Goods,1.0,0.0
360,360,2021-06-21,39941.1953125,40488.77974908053,39874.01150578925,39964.20065313971,3109,40267.67421875,40483.218359375,40795.8234375,41252.559765625,41404.4175,41522.207682291664,0.1214584824126474,-0.0134506225328295,0.000575980274494,0.0137097658769655,-0.0016820680048532,Capital Goods,1.0,0.0
361,361,2021-06-22,40304.5859375,40657.362934178884,39913.63068538293,40060.39384914533,5527,40257.5296875,40394.451953125,40738.05703125,41171.2103515625,41329.91734375,41487.844010416666,0.1764599055782801,0.0090981409583972,-0.0060586675852056,0.0087527756078658,-0.0097000190678877,Capital Goods,1.0,1.0
362,362,2021-06-23,40024.39453125,40459.032411509404,39925.578860598805,40290.35239605754,4212,40274.6546875,40308.862890625,40634.17578125,41005.2759765625,41245.12578125,41428.94713541667,0.134051199788113,-0.006951849268083,0.0066448941432426,0.0108593243033332,-0.002468886083312,Capital Goods,1.0,0.0
363,363,2021-06-24,39839.203125,40384.161255065366,39754.96383542022,40186.32849664266,2068,40119.0265625,40225.653515625,40517.12213541667,40857.6548828125,41171.579375,41303.28111979167,0.1060213327495925,-0.0046269633412045,0.0087131605156236,0.013678941527909,-0.0021144822931189,Capital Goods,1.0,0.0
364,364,2021-06-25,39562.58984375,40161.542226585996,39507.057834745334,39963.213622997915,3577,39934.39375,40138.136328125,40382.844010416666,40707.8251953125,41071.1934375,41231.948958333334,0.0641541983531963,-0.0069432433269835,0.0101263284539803,0.0151393623420894,-0.0014036494886706,Capital Goods,1.0,0.0
365,365,2021-06-28,39362.76953125,40072.83621240269,39070.73069395634,39863.053379856625,10106,39818.70859375,40043.19140625,40261.715104166666,40551.5447265625,40965.78953125,41140.13268229167,0.0339101556927632,-0.0050507389250597,0.0127095693358021,0.0180390427200243,-0.0074191638640113,Capital Goods,1.0,0.0
366,366,2021-06-29,39676.02734375,39849.022545697684,39021.1479252171,39654.807735235234,12793,39692.996875,39975.26328125,40160.63359375,40476.7919921875,40875.56765625,41057.097265625,0.0813236669941429,0.0079582259132276,-0.0005348219046963,0.0043601946447124,-0.0165056701080246,Capital Goods,1.0,1.0
367,367,2021-06-30,41481.76953125,41748.17289028695,39764.886767232936,39764.886767232936,15436,39984.471875,40129.56328125,40200.73255208333,40471.7498046875,40801.11515625,41035.016796875,0.3546339379531768,0.0455121721702425,-0.0413888506545908,0.0064221792379484,-0.0413888506545908,Capital Goods,1.0,1.0
368,368,2021-07-01,41134.48828125,41847.3323631386,40693.00961596941,41847.3323631386,6823,40243.52890625,40181.277734375,40231.611979166664,40448.723828125,40734.8296875,41016.904296875,0.3020707685298053,-0.008371900570403,0.0173295964450719,0.0173295964450719,-0.0107325673352749,Capital Goods,1.0,0.0
369,369,2021-07-02,41568.6796875,41748.167056555496,40686.36539679762,41350.518244449115,9020,40644.746875,40289.5703125,40307.006510416664,40448.3197265625,40695.20953125,41000.11901041667,0.3677883287173786,0.010555410420601,-0.0052482167990649,0.004317851093776,-0.0212254586225816,Capital Goods,1.0,1.0
370,370,2021-07-05,41293.6953125,41847.22960373179,41153.67610995026,41807.66460152294,5560,41030.93203125,40424.8203125,40372.43828125,40454.0193359375,40647.4221875,40976.64661458333,0.3261677393768802,-0.0066151818404444,0.0124466770322528,0.0134048136656887,-0.0033908130887805,Capital Goods,1.0,0.0
371,371,2021-07-06,41422.36328125,41688.02675269426,41264.2465870126,41301.92901925106,3370,41380.19921875,40536.598046875,40443.57526041667,40465.525,40657.4734375,40959.67291666667,0.3456424338522293,0.0031159228491486,-0.002907469599965,0.0064135276309673,-0.0038171818725989,Capital Goods,1.0,1.0
372,372,2021-07-07,41390.828125,41599.42176905763,41153.18244138002,41427.86753863935,2364,41362.0109375,40673.24140625,40540.379166666666,40491.0521484375,40649.80203125,40894.59778645833,0.3408693925182637,-0.0007613075100491,0.0008948700791269,0.0050396103075704,-0.0057415058935832,Capital Goods,1.0,0.0
373,373,2021-07-08,41809.84765625,42897.482419688175,41173.759060016826,41302.92055439174,8344,41497.0828125,40870.305859375,40619.87942708333,40547.9796875,40658.395625,40861.871875,0.404290595398625,0.0101234875027038,-0.0121245861985933,0.0260138418197652,-0.0152138463039361,Capital Goods,1.0,1.0
374,374,2021-07-09,41960.3828125,42033.36928832592,41592.731162272314,41822.54443250904,6500,41575.4234375,41110.08515625,40718.18802083333,40624.1107421875,40673.74046875,40841.911848958334,0.4270750242214954,0.0036004712929753,-0.003284964787068,0.0017394139646451,-0.0087618755021978,Capital Goods,1.0,1.0
375,375,2021-07-12,41963.10546875,42343.15261724081,41748.36442004154,42144.8240335535,3200,41709.30546875,41370.11875,40852.98203125,40706.655078125,40705.0765625,40824.402734375,0.4274871151182839,6.488635392499138e-05,0.0043304365292704,0.0090566974070551,-0.0051173774273779,Capital Goods,1.0,1.0
376,376,2021-07-13,42330.265625,42419.513496863794,41748.666993354236,42342.1653412485,2740,41890.8859375,41635.542578125,40988.02734375,40805.4029296875,40750.5971875,40863.0421875,0.4830590801998434,0.0087495944866002,0.0002811160306415,0.0021083702298121,-0.0137395459976106,Capital Goods,1.0,1.0
377,377,2021-07-14,43826.80078125,44028.948754195386,42191.82940155451,42432.302826619656,7992,42378.08046875,41870.045703125,41241.52109375,40999.8044921875,40868.4578125,40937.8484375,0.7095689507039392,0.0353537860949815,-0.0318183834953095,0.0046124282252395,-0.0373052869602784,Capital Goods,1.0,1.0
378,378,2021-07-15,43700.8125,44028.945592371354,42641.73786277809,43826.7976339427,6532,42756.2734375,42126.678125,41498.96171875,41153.9779296875,40989.6384375,41008.04192708333,0.6904998435387723,-0.0028746857859609,0.0028829014092746,0.0075086268103448,-0.0242346669692218,Capital Goods,1.0,0.0
379,379,2021-07-16,43306.18359375,43982.48404078785,42690.226165658925,43852.43162596444,2989,43025.43359375,42300.428515625,41748.53463541667,41294.9994140625,41104.3753125,41065.68932291667,0.630770312910273,-0.0090302418576313,0.0126136266667764,0.0156167177736588,-0.0142233135542326,Capital Goods,1.0,0.0
380,380,2021-07-19,43677.609375,43847.82722036512,42772.53758228204,43214.76000406522,2595,43368.334375,42538.819921875,42036.190625,41481.8201171875,41238.9909375,41148.952864583334,0.686987906771306,0.0085767377872476,-0.0105969483577026,0.0038971419864968,-0.020721642179345,Capital Goods,1.0,1.0
381,381,2021-07-20,42390.2578125,43761.006663113665,42095.24402925609,43731.45492791976,3823,43380.3328125,42635.609375,42217.139322916664,41586.1037109375,41320.38890625,41188.886458333334,0.4921392695726966,-0.0294739474280121,0.0316392771507105,0.0323364122170886,-0.006959471314112,Capital Goods,1.0,0.0
382,382,2021-07-22,42434.33203125,43582.70485038484,42144.82266533233,42717.0006106946,2212,43101.8390625,42739.959765625,42280.64348958333,41706.6005859375,41420.21140625,41240.68802083333,0.4988101757254445,0.0010397251874463,0.0066613179921493,0.0270623517365407,-0.0068225267621619,Capital Goods,1.0,1.0
383,383,2021-07-23,42212.05859375,43329.83772716632,42144.82442852886,42738.81854223918,1354,42804.08828125,42780.180859375,42352.48151041667,41825.243359375,41484.0,41292.04674479167,0.4651677134455844,-0.0052380567069209,0.0124788974060405,0.0264800905393849,-0.0015927715316659,Capital Goods,1.0,0.0
384,384,2021-07-26,43164.48046875,43576.756008310695,42002.87151418387,42243.98793814936,2658,42775.74765625,42900.590625,42458.86822916667,42005.337890625,41591.1490625,41382.93736979167,0.6093226667525947,0.0225627914564919,-0.0213252313152952,0.0095512684291236,-0.0269112228839891,Capital Goods,1.0,1.0
385,385,2021-07-27,42438.5,43518.25200391318,42144.82648208522,43518.25200391318,2639,42527.92578125,42948.130078125,42535.18854166667,42159.1244140625,41691.04125,41453.81341145833,0.4994410236262672,-0.0168189321605664,0.0254427466548812,0.0254427466548812,-0.0069199787437063,Capital Goods,1.0,0.0
386,386,2021-07-28,42661.17578125,42784.437782448294,42261.245379511594,42421.49643980427,1753,42582.109375,42981.22109375,42617.776041666664,42308.3818359375,41785.30484375,41530.67565104167,0.5331443831261693,0.0052470228978404,-0.0056182075870273,0.0028893249879078,-0.0093745752294567,Capital Goods,1.0,1.0
387,387,2021-07-29,42658.49609375,42938.13940349098,42425.510359167354,42844.87461004249,1673,42626.9421875,42864.390625,42702.28723958333,42367.2181640625,41890.66890625,41621.333203125,0.5327387958159872,-6.281325938460769e-05,0.0043690831454274,0.0065553954158725,-0.0054616490480727,Capital Goods,1.0,0.0
388,388,2021-07-30,42371.80859375,42995.25758141249,42293.61987555551,42591.062387519865,1478,42658.8921875,42731.490234375,42739.751302083336,42429.0841796875,41991.973125,41679.81536458333,0.4893468659779586,-0.006720525247068,0.0051745205372755,0.0147137686200735,-0.0018453004672078,Capital Goods,1.0,0.0
389,389,2021-08-02,41954.9765625,42784.435542312895,41869.14908952451,42784.435542312895,2692,42416.99140625,42596.36953125,42739.390885416666,42448.3990234375,42087.66859375,41728.789453125,0.4262567547793787,-0.0098374849949521,0.0197702167364401,0.0197702167364401,-0.0020457042288567,Capital Goods,1.0,0.0
390,390,2021-08-03,41930.18359375,42243.93786291686,41748.166761805,42149.78214276773,2843,42315.328125,42421.626953125,42737.19609375,42480.2234375,42190.36515625,41795.0890625,0.4225041853074748,-0.0005909422619523,0.0052372427257978,0.0074827783299671,-0.0043409500351467,Capital Goods,1.0,0.0
391,391,2021-08-04,41607.10546875,42640.64529571414,41360.68220465732,42045.65954740185,4748,42104.5140625,42343.31171875,42688.98541666667,42489.460546875,42267.60828125,41838.50638020833,0.3736043088489554,-0.007705144535741,0.0105403650100397,0.0248404645148987,-0.0059226245449292,Capital Goods,1.0,0.0
392,392,2021-08-05,41131.1171875,42518.67354541742,40907.60242243459,41549.83841110595,12664,41799.03828125,42212.990234375,42509.273177083334,42476.475,42253.5821875,41875.397135416664,0.3015605325987744,-0.0114400719753865,0.0101801568310719,0.0337349542827176,-0.0054342011680961,Capital Goods,1.0,0.0
393,393,2021-08-06,40710.1171875,41228.59927381986,40289.46300622316,40657.36255519824,6775,41466.7,42062.79609375,42309.89348958333,42421.4884765625,42236.60734375,41904.42760416667,0.2378395734993718,-0.0102355595662727,-0.0012958604874259,0.0127359517029113,-0.0103329150181371,Capital Goods,1.0,0.0
394,394,2021-08-09,40584.625,40976.62225806373,40341.87388911393,40662.32177957096,5861,41192.6296875,41804.810546875,42128.45625,42352.7005859375,42197.24515625,41938.495442708336,0.2188455531977517,-0.0030825798639197,0.0019144387701244,0.0096587625994752,-0.0059813565084332,Capital Goods,1.0,0.0
395,395,2021-08-10,40656.5703125,41247.775394436336,40275.93014796548,40667.45062558257,2776,40937.90703125,41626.617578125,41927.05364583333,42287.373828125,42171.76015625,41981.62213541667,0.2297349221174815,0.0017727233527474,0.0002676151234337,0.0145414401016155,-0.0093623284406134,Capital Goods,1.0,1.0
396,396,2021-08-11,39888.1328125,41079.835590235605,39636.97344033183,41079.835590235605,6550,40594.1125,41349.31328125,41760.2453125,42165.2671875,42110.3909375,41988.69231770833,0.1134271441888658,-0.018900696593282,0.0298761233908184,0.0298761233908184,-0.0062965938603539,Capital Goods,1.0,0.0
397,397,2021-08-12,40171.9375,40543.23446591632,40035.55125170473,40443.86379320574,1071,40402.2765625,41100.657421875,41609.41901041667,41982.5240234375,42061.6353125,41945.03125,0.1563827424891182,0.0071150156071246,0.0067690609447388,0.0092426950011141,-0.0033950627423749,Capital Goods,1.0,1.0
398,398,2021-08-13,40146.94140625,40539.55646684067,40006.63079984766,40539.55646684067,975,40289.64140625,40878.170703125,41471.74453125,41804.83046875,41995.1190625,41912.113020833334,0.1525994287896203,-0.0006222277367129,0.0097794513564002,0.0097794513564002,-0.0034949264249678,Capital Goods,1.0,0.0
399,399,2021-08-16,39998.73046875,40422.74431924324,39748.265931714464,40344.48992069018,1084,40172.4625,40682.54609375,41260.69453125,41639.4578125,41916.65296875,41859.78138020833,0.1301667848786426,-0.0036917118043997,0.0086442606524803,0.0106006827097802,-0.006261812165044,Capital Goods,1.0,0.0
400,400,2021-08-17,38967.21484375,39991.12868290762,38853.93227904894,39759.19908994954,4894,39834.59140625,40386.24921875,41029.27552083333,41403.9380859375,41796.81734375,41782.23203125,-0.0259594976653471,-0.0257887091143029,0.0203243739480798,0.0262762900367217,-0.0029071250063752,Capital Goods,1.0,0.0
401,401,2021-08-18,39748.5703125,39935.884041586214,39040.752192781365,39040.752192781365,1827,39806.67890625,40200.395703125,40835.101822916666,41271.8537109375,41693.54953125,41726.43893229167,0.0923034948912165,0.0200516118969001,-0.0178073856280572,0.0047124645644753,-0.0178073856280572,Capital Goods,1.0,1.0
402,402,2021-08-20,38851.0546875,39747.57616315577,38805.4412175484,39747.57616315577,3636,39542.50234375,39972.389453125,40581.27239583333,41092.68984375,41494.5196875,41641.77981770833,-0.0435410572030822,-0.0225798215619783,0.0230758594037401,0.0230758594037401,-0.0011740600176363,Capital Goods,1.0,0.0
403,403,2021-08-23,37970.23046875,39475.00140565178,37890.08957048251,39449.165029653115,2711,39107.16015625,39698.40078125,40287.83385416667,40880.5984375,41265.29640625,41513.792578125,-0.1768592615183601,-0.0226718225756017,0.0389498441975562,0.0396302818899196,-0.0021106244886621,Capital Goods,1.0,0.0
404,404,2021-08-24,39155.41796875,39357.04337141601,38009.328764911974,38009.973121549876,6234,38938.49765625,39555.480078125,40101.196614583336,40680.1453125,41099.26578125,41420.29375,0.0025262116707686,0.0312135977414049,-0.0292538020693408,0.0051493615219975,-0.0292702584544678,Capital Goods,1.0,1.0
405,405,2021-08-25,39203.8203125,39599.2146825987,38353.20731956889,39224.983161312884,3840,38985.81875,39410.205078125,39919.4390625,40518.411328125,40920.31421875,41328.317578125,0.0098522063653267,0.0012361595472848,0.0005398159833454,0.0100856081613207,-0.0216971965015331,Capital Goods,1.0,1.0
406,406,2021-08-26,39631.5078125,40046.329901742465,38941.62692993676,39348.79825385507,1515,38962.40625,39384.542578125,39787.73255208333,40366.9279296875,40809.96421875,41238.358984375,0.0745853600347466,0.010909332217902,-0.0071334545226603,0.0104669772143171,-0.0174073841910613,Capital Goods,1.0,1.0
407,407,2021-08-27,39456.51171875,39967.72720426579,39153.03526401503,39631.5050104586,1591,39083.49765625,39313.0,39676.0921875,40206.8287109375,40690.85140625,41092.68268229167,0.0480986167273856,-0.0044155800121943,0.0044350928170227,0.0129564288186392,-0.0076914162330968,Capital Goods,1.0,0.0
408,408,2021-08-30,39386.859375,40096.06710152556,39059.332079664986,39886.39497864026,4555,39366.8234375,39236.991796875,39587.875,40057.58125,40577.8434375,40948.88424479167,0.0375563028383802,-0.0017652940089202,0.0126827985670097,0.0180062015042437,-0.0083156489380543,Capital Goods,1.0,0.0
409,409,2021-08-31,39355.65234375,40245.12075033332,39252.508695160315,39386.85706266511,5046,39406.8703125,39172.683984375,39505.94348958333,39927.6150390625,40425.4903125,40817.199869791664,0.0328329252566818,-0.000792320884305,0.0007928903996445,0.0226007791413112,-0.0026208090184551,Capital Goods,1.0,0.0
410,410,2021-09-01,40045.48828125,40630.680619624545,39002.98900215866,39647.90466744277,5721,39575.20390625,39280.511328125,39465.2046875,39833.3802734375,40329.76984375,40696.129166666666,0.1372438695767187,0.0175282556994523,-0.0099282998128253,0.0146131902366775,-0.0260328772062807,Capital Goods,1.0,1.0
411,411,2021-09-02,40262.36328125,40433.925188494664,39907.26064315424,40313.68667908676,3795,39701.375,39331.890625,39490.15338541667,39766.1431640625,40233.81734375,40625.19934895833,0.1700692448847542,0.0054157162094473,0.0012747239271138,0.0042610987846447,-0.0088197167070203,Capital Goods,1.0,1.0
412,412,2021-09-03,39908.85546875,40347.52654715481,39831.79273220603,40344.39404182106,3233,39791.84375,39437.670703125,39472.614583333336,39705.030078125,40123.83171875,40541.016796875,0.1165636466385979,-0.0087801058778044,0.0109133315890781,0.0109918230741621,-0.0019309683437129,Capital Goods,1.0,0.0
413,413,2021-09-06,40103.76953125,40433.928606688,39707.6764587349,40234.143083577124,2869,39935.22578125,39651.024609375,39469.73645833333,39674.7126953125,40033.11015625,40470.740494791666,0.1460650979556072,0.0048839802647967,0.0032509051854971,0.0082326195092641,-0.0098767042885196,Capital Goods,1.0,1.0
414,414,2021-09-07,39860.30859375,40393.87863216791,39197.805110478796,40245.121514901744,3356,40036.15703125,39721.513671875,39460.50833333333,39638.496875,39949.3234375,40360.60143229167,0.1092157762436364,-0.0060707744021491,0.0096540376812859,0.0133859986849567,-0.0166206310649357,Capital Goods,1.0,0.0
415,415,2021-09-08,41248.96484375,41436.57745305629,39569.402484009246,40157.03251881865,4902,40276.85234375,39926.028125,39612.625,39668.1166015625,39922.0746875,40320.95026041667,0.3193975057195979,0.0348380707272732,-0.0264717509655711,0.0045482986062066,-0.0407176850644105,Capital Goods,1.0,1.0
416,416,2021-09-09,42001.1484375,42050.68626897922,40940.7158891685,41238.827898070216,3384,40624.609375,40162.9921875,39762.796875,39773.7673828125,39937.83640625,40298.94934895833,0.4332451542055491,0.0182352113949829,-0.0181499927451783,0.001179439927766,-0.0252477036409963,Capital Goods,1.0,1.0
417,417,2021-09-13,42243.515625,42626.09270123633,41934.422382268436,42133.16372057302,3074,41091.54140625,40441.692578125,39988.9609375,39877.3462890625,39982.33234375,40285.11666666667,0.4699289300766292,0.0057704895346053,-0.002612280317921,0.0090564686810754,-0.0073169393730251,Capital Goods,1.0,1.0
418,418,2021-09-14,41977.20703125,42538.154522752164,41749.54724952529,42538.154522752164,1496,41466.22890625,40700.72734375,40256.09270833333,39968.8595703125,40033.0159375,40271.96328125,0.4296214739954815,-0.0063041295169192,0.0133631446962292,0.0133631446962292,-0.0054234142246583,Capital Goods,1.0,0.0
419,419,2021-09-15,43205.0234375,43325.61129591806,41782.435281838654,42176.88637256757,4786,42135.171875,41085.664453125,40526.06640625,40129.17421875,40137.831875,40313.631510416664,0.6154590963333242,0.0292495974145195,-0.0237967019372116,0.0027910610578074,-0.0329264525852937,Capital Goods,1.0,1.0
420,420,2021-09-16,42605.125,43423.98979590628,42507.79220347109,43423.98979590628,1331,42406.40390625,41341.628125,40752.820052083334,40311.0697265625,40215.7740625,40336.129557291664,0.5246607500156685,-0.0138849233207293,0.0192198660585147,0.0192198660585147,-0.0022845325891877,Capital Goods,1.0,0.0
421,421,2021-09-17,42303.23828125,42827.76795087709,41118.4448082911,42827.76795087709,4721,42466.821875,41545.715625,40930.93541666667,40438.803125,40312.37828125,40359.333984375,0.4789683242244058,-0.0070856902485323,0.0123992793681606,0.0123992793681606,-0.0280071578700876,Capital Goods,1.0,0.0
422,422,2021-09-20,42252.4609375,42630.01903605588,41437.57095113124,42132.07103725932,2593,42468.6109375,41780.076171875,41117.33203125,40608.8734375,40395.59921875,40396.712109375,0.4712828585610565,-0.0012003181272414,-0.0028492991312095,0.0089357658744271,-0.0192862135905917,Capital Goods,1.0,0.0
423,423,2021-09-21,42959.73046875,43226.241831710075,41437.569755915174,42282.22045837388,3187,42665.115625,42065.672265625,41355.5234375,40858.3484375,40508.11078125,40471.69921875,0.5783324853378615,0.0167391322435915,-0.0157708161337035,0.006203748488458,-0.0354322686903746,Capital Goods,1.0,1.0
424,424,2021-09-22,43371.671875,43902.75764321782,42669.466708115964,43175.461382218484,4693,42698.4453125,42416.80859375,41623.258072916666,41069.1611328125,40643.0284375,40564.60078125,0.6406823701336017,0.0095890128209639,-0.004523931965247,0.0122449918404907,-0.0161904103883252,Capital Goods,1.0,1.0
425,425,2021-09-23,43718.921875,44210.0109483105,43345.33861860651,43549.19599482373,8241,42921.2046875,42663.804296875,41868.153645833336,41294.9162109375,40833.09671875,40666.67916666667,0.6932408096758049,0.0080063780109929,-0.0038822064428201,0.0112328724554233,-0.0085451159445704,Capital Goods,1.0,1.0
426,426,2021-09-24,44008.04296875,44207.032747961435,43420.46338368888,43966.55571141128,2965,43262.165625,42864.49375,42117.865625,41513.74296875,41003.475625,40804.009505208334,0.7370010790098152,0.0066131798624094,-0.0009427198880026,0.0045216684448508,-0.0133516408688828,Capital Goods,1.0,1.0
427,427,2021-09-27,44101.25390625,44219.95140396611,43921.88983370133,44219.95140396611,2443,43631.92421875,43050.267578125,42397.35885416667,41745.980078125,41213.48359375,40934.98671875,0.7511091320645764,0.0021180432305564,0.0026914767087673,0.0026914767087673,-0.0040670968886725,Capital Goods,1.0,1.0
428,428,2021-09-28,44097.875,45114.28957224782,43971.52673066004,44120.58275347584,4583,43859.553125,43262.334375,42663.632552083334,41981.530859375,41458.589375,41066.68450520833,0.7505977136632535,-7.661701087190956e-05,0.0005149398576653,0.0230490601247297,-0.0028651781823944,Capital Goods,1.0,0.0
429,429,2021-09-29,44224.57421875,45412.403260193154,43724.09531404286,44021.2136636008,4634,44030.13359375,43364.289453125,42954.58359375,42224.976953125,41661.355625,41207.54596354167,0.7697744256249993,0.0028731366023873,-0.0045983609507083,0.0268590271908044,-0.0113167602752171,Capital Goods,1.0,1.0
430,430,2021-09-30,45426.8046875,45695.602348372784,44170.21211058744,44565.757836682016,7732,44371.71015625,43646.457421875,43233.10625,42494.0427734375,41910.275,41422.865625,0.9517394577562924,0.0271846702876856,-0.0189545986503187,0.0059171597633136,-0.0276619186745999,Capital Goods,1.0,1.0
431,431,2021-10-01,44405.375,45537.60285180559,44269.63311325315,45212.66076363424,2344,44451.1765625,43856.67109375,43393.388020833336,42701.193359375,42101.2296875,41578.092447916664,0.7971397443593728,-0.0224851757574986,0.0181799109597484,0.0254975405974071,-0.0030568796400627,Capital Goods,1.0,0.0
432,432,2021-10-04,45611.48828125,45809.88027733312,44430.61533536048,44803.1544359686,2790,44753.2234375,44192.573828125,43617.91953125,42986.325,42347.42875,41803.440234375,0.9796924642258278,0.027161425418657,-0.0177221545654692,0.0043496058462244,-0.0258898139566945,Capital Goods,1.0,1.0
433,433,2021-10-05,46404.46875,46978.431459447114,45517.73294861687,45517.73294861687,4494,45214.5421875,44537.04765625,43913.0703125,43301.3599609375,42628.133125,42084.58151041667,1.0997149725770008,0.017385542516401,-0.0191088450157751,0.0123686947595347,-0.0191088450157751,Capital Goods,1.0,1.0
434,434,2021-10-06,45530.9453125,46837.66959822805,45412.39532910403,46505.47267838225,5028,45475.81640625,44752.975,44068.13177083333,43584.891796875,42875.14484375,42297.09908854167,0.967501786749668,-0.0188241232155038,0.021403626900202,0.02869969592679,-0.0026037233047173,Capital Goods,1.0,0.0
435,435,2021-10-07,46176.01171875,46505.475968531406,45763.32452853346,46157.678605518886,1787,45625.6578125,44998.683984375,44306.19088541667,43831.244140625,43120.36578125,42529.50546875,1.0651365850609624,0.0141676479990171,-0.000397026779679,0.0071349654835526,-0.0089372636322543,Capital Goods,1.0,1.0
436,436,2021-10-08,45653.81640625,46505.473508882234,45561.45214491989,46295.8013954127,1671,45875.34609375,45163.261328125,44529.562760416666,44013.8775390625,43336.02390625,42730.24908854167,0.9860990882682968,-0.011308800675134,0.0140620224046552,0.0186546748918814,-0.0020231443634024,Capital Goods,1.0,0.0
437,437,2021-10-11,45230.59765625,45752.14228102715,45213.65418093237,45462.08085225617,1053,45799.16796875,45276.195703125,44728.105208333334,44163.231640625,43548.89359375,42922.71861979167,0.9220423076059444,-0.0092701724261996,0.0051178451756359,0.0115307922468956,-0.0003746020657608,Capital Goods,1.0,0.0
438,438,2021-10-12,44470.5625,45815.990979613605,44393.84911513165,45392.52440020624,2661,45412.38671875,45313.464453125,44828.82734375,44287.8994140625,43723.5653125,43092.175390625,0.8070062764764567,-0.0168035620936566,0.0207319594890718,0.0302543616266064,-0.0017250374305103,Capital Goods,1.0,0.0
439,439,2021-10-13,44743.828125,45313.0240810177,44643.26578648687,44716.800079951674,2702,45254.96328125,45365.38984375,44920.304427083334,44364.8396484375,43918.90609375,43271.78125,0.8483667223526983,0.0061448654938871,-0.0006040619719175,0.0127212172017903,-0.002247513070008,Capital Goods,1.0,1.0
440,440,2021-10-14,44367.71484375,45163.972857726905,44242.41074860593,44965.231503017436,1453,44893.30390625,45259.480859375,44963.557291666664,44452.969140625,44043.65609375,43415.85546875,0.7914396463164195,-0.0084059253982305,0.0134673751256226,0.0179467889383324,-0.002824217915783,Capital Goods,1.0,0.0
441,441,2021-10-18,43856.60546875,44815.132723564864,43077.1899838154,44453.47390832715,4041,44533.86171875,45204.60390625,44953.46145833333,44530.6375,44117.874375,43535.66354166667,0.71408007486821,-0.0115198489892926,0.0136095448609776,0.021855938109434,-0.0177719063435033,Capital Goods,1.0,0.0
442,442,2021-10-19,42498.75,44268.64267171767,42336.92718232827,44268.64267171767,2974,43987.4921875,44893.330078125,44846.62786458333,44542.951953125,44128.08375,43621.993359375,0.5085602345187589,-0.0309612532533449,0.0416457583274254,0.0416457583274254,-0.0038077077013261,Capital Goods,1.0,0.0
443,443,2021-10-20,42187.0234375,44003.96572978606,42133.36327413461,42628.031260158576,7057,43530.784375,44471.585546875,44719.23776041667,44504.3166015625,44136.47640625,43691.43515625,0.4613784873946261,-0.0073349583811288,0.0104536368466936,0.0430687482604184,-0.001271958981531,Capital Goods,1.0,0.0
444,444,2021-10-21,42356.00390625,42530.597401635845,42005.225432050305,42242.47291282984,3253,43053.21953125,44154.09140625,44594.66640625,44453.533203125,44102.515625,43774.625,0.4869547285770885,0.0040055082103705,-0.0026803990686053,0.0041220483351613,-0.0082816706452313,Capital Goods,1.0,1.0
445,445,2021-10-22,42728.4453125,42927.0352696214,42356.74854105155,42529.45554369424,2884,42725.365625,43809.334765625,44414.77578125,44404.009375,44107.4484375,43823.941015625,0.5433260435760914,0.0087931195557152,-0.0046570795485402,0.0046477225105896,-0.0086990474081141,Capital Goods,1.0,1.0
446,446,2021-10-25,41620.4140625,44932.438703659216,41338.20134180116,44932.438703659216,4156,42278.12734375,43405.99453125,44229.11171875,44284.6279296875,44080.13546875,43811.24986979167,0.3756186469915072,-0.0259319346139619,0.0795769267500716,0.0795769267500716,-0.0067806322223283,Capital Goods,1.0,0.0
447,447,2021-10-26,43087.17578125,44087.24071662801,40245.123972392146,41620.46459647838,6359,42395.8125,43191.65234375,44060.82421875,44233.9240234375,44113.5240625,43839.371875,0.5976221232125006,0.0352414014081506,-0.0340405505391672,0.0232102688849984,-0.0659605034984589,Capital Goods,1.0,1.0
448,448,2021-10-27,42379.65625,42881.42770080073,42232.58764990919,42631.01359794341,1036,42434.3390625,42982.56171875,43792.50338541667,44148.0130859375,44090.32109375,43852.786848958334,0.4905346573863492,-0.0164206522804376,0.0059310851050948,0.0118399131847777,-0.0034702641102901,Capital Goods,1.0,0.0
449,449,2021-10-28,42070.5625,42819.173029669764,42036.97443565611,42379.605297966315,958,42377.25078125,42715.23515625,43561.811197916664,44040.3125,44038.27671875,43814.971484375,0.4437514027506462,-0.0072934463690936,0.007345820440749,0.0177941649738997,-0.0007983745010275,Capital Goods,1.0,0.0
450,450,2021-10-29,41670.4921875,42407.527543374286,41387.83309641208,41790.385228415595,2807,42165.66015625,42445.512890625,43261.44322916667,43852.496875,43956.33953125,43783.817057291664,0.3831982815637157,-0.009509507092994,0.0028771688219118,0.0176872246326713,-0.0067831954039819,Capital Goods,1.0,0.0
451,451,2021-11-01,42183.84375,42282.22071476526,41387.88467144472,41700.902286606906,1732,42278.34609375,42278.23671875,43030.11171875,43741.4203125,43883.3715625,43779.837239583336,0.4608972219857511,0.012319306433678,-0.0114484935572779,0.0023321005394454,-0.0188688134555135,Capital Goods,1.0,1.0
452,452,2021-11-02,42372.10546875,42544.11767306398,41238.83329493389,42479.97312108744,2466,42135.33203125,42265.572265625,42839.545572916664,43579.451171875,43814.205625,43783.825390625,0.4893917998490575,0.0044628867835212,0.0025457232097421,0.0040595623562025,-0.0267457130411401,Capital Goods,1.0,1.0
453,453,2021-11-03,42744.2421875,42977.81371792346,42107.97102680628,42409.96081450865,1819,42208.24921875,42321.294140625,42724.45755208333,43396.43984375,43760.0603125,43776.64244791667,0.5457169985066695,0.0087825873799086,-0.0078205006308218,0.0054643975064263,-0.0148855407917324,Capital Goods,1.0,1.0
454,454,2021-11-04,43018.859375,43125.83035788062,42645.42358836707,42976.82480160519,379,42397.90859375,42387.5796875,42609.459635416664,43270.835546875,43711.83171875,43764.88203125,0.5872820117434402,0.00642465916919,-0.0009771196634571,0.0024866066751827,-0.0086807458881614,Capital Goods,1.0,1.0
455,455,2021-11-08,42572.68359375,43174.57099761489,42182.85165827546,43018.85792577746,1943,42578.346875,42372.003515625,42489.79088541667,43090.669140625,43597.666875,43726.674088541666,0.519750542127822,-0.0103716320639893,0.01048029615152,0.0141378779315017,-0.0091568560533912,Capital Goods,1.0,0.0
456,456,2021-11-09,42610.29296875,42851.61620579818,42346.81317649721,42764.46890010462,1908,42663.63671875,42470.99140625,42406.703385416666,42938.49296875,43525.86359375,43680.082421875,0.5254429541138769,0.0008834156511928,0.0036182790732672,0.0056634963112121,-0.0061834776035457,Capital Goods,1.0,1.0
457,457,2021-11-10,42353.765625,42729.33628402795,42144.1439796123,42579.33703875053,635,42659.96875,42397.650390625,42397.037760416664,42794.6513671875,43395.5546875,43621.8328125,0.4866159508384086,-0.00602031401047,0.0053258880390407,0.008867467944958,-0.0049493036166768,Capital Goods,1.0,0.0
458,458,2021-11-11,44911.96484375,45213.65575658597,41820.34527305282,42253.4034379295,17618,43093.51328125,42650.88125,42578.700520833336,42816.721484375,43335.85453125,43648.969140625,0.8738152567436164,0.0604007502284515,-0.0591949476062718,0.0067173839729692,-0.068837326121291,Capital Goods,1.0,1.0
459,459,2021-11-12,43725.53125,44865.80975722443,43481.6771637362,44865.80975722443,5218,43234.84765625,42816.378125,42670.00234375,42765.806640625,43263.63796875,43632.334375,0.6942411795429014,-0.0264168712697749,0.0260780938419,0.0260780938419,-0.0055769267815081,Capital Goods,1.0,0.0
460,460,2021-11-15,42091.578125,42729.390356747695,41884.73961713757,42729.390356747695,3480,43138.6265625,42858.48671875,42627.54453125,42651.9998046875,43100.260625,43521.16015625,0.4469322478363312,-0.0373683996120687,0.0151529655137561,0.0151529655137561,-0.0049140117115156,Capital Goods,1.0,0.0
461,461,2021-11-16,41391.51171875,42674.68602459115,41139.459553644294,42232.53698139812,3988,42894.8703125,42779.253515625,42612.284375,42528.7451171875,42929.7684375,43420.698046875,0.3409728586688204,-0.0166319828677129,0.0203187858506541,0.0310009045951293,-0.006089465077245,Capital Goods,1.0,0.0
462,462,2021-11-17,40542.34375,41894.677751214265,40433.92878787734,41894.677751214265,4104,42532.5859375,42596.27734375,42442.62890625,42430.9248046875,42742.23828125,43251.7265625,0.2124460239770353,-0.0205155099074415,0.0333560883789374,0.0333560883789374,-0.0026741167898726,Capital Goods,1.0,0.0
463,463,2021-11-18,39601.15234375,41536.943623072075,38760.08047338891,40612.79631279799,7499,41470.4234375,42281.968359375,42257.3953125,42301.63125,42547.461875,43024.94934895833,0.0699908717148845,-0.0232150221026627,0.0255458215020263,0.0488821957128626,-0.0212385706117925,Capital Goods,1.0,0.0
464,464,2021-11-22,38983.609375,41296.81099097439,38655.18932176495,39926.14014805126,7619,40522.0390625,41878.443359375,42051.5984375,42133.0115234375,42317.053125,42806.704817708334,-0.0234780837574252,-0.0155940656319679,0.0241776169052139,0.0593377999898037,-0.0084245676195818,Capital Goods,1.0,0.0
465,465,2021-11-23,38847.52734375,39648.90141826262,38754.565296046174,39149.06689662387,4711,39873.22890625,41505.927734375,41863.40078125,41938.965625,42096.245625,42562.42200520833,-0.0440749425399546,-0.0034907499185354,0.0077621298829559,0.0206287022445856,-0.0023929978060439,Capital Goods,1.0,0.0
466,466,2021-11-24,38917.23046875,39450.105688792435,38754.56145763172,39231.5406755718,1918,39378.37265625,41136.621484375,41645.6265625,41803.8064453125,41898.670625,42337.869140625,-0.0335249425940507,0.0017942744304732,0.0080763765313203,0.0136925267708947,-0.0041798712076622,Capital Goods,1.0,1.0
467,467,2021-11-25,38906.546875,39415.476076167506,38526.00768121415,39414.38144616141,1872,39051.21328125,40791.899609375,41414.58932291667,41594.775,41754.9825,42127.06744791667,-0.0351419707184649,-0.0002745209158338,0.0130526765275005,0.0130808113812466,-0.0097808524361839,Capital Goods,1.0,0.0
468,468,2021-11-26,39211.3203125,40575.58268406749,38954.35006738134,39450.15929049355,8077,38973.246875,40221.83515625,41179.061197916664,41436.358203125,41635.954375,41951.759375,0.0109873778457199,0.007833474363047,0.0060910720702616,0.0347925640017938,-0.0065534708617486,Capital Goods,1.0,1.0
469,469,2021-11-29,38662.44921875,39500.83886660089,38512.49653416191,39450.15981998076,3678,38909.01484375,39715.526953125,40888.63385416667,41265.9525390625,41488.2121875,41749.04674479167,-0.0720876637592399,-0.0139977712909357,0.0203740481306278,0.0216848561017779,-0.0038785097069164,Capital Goods,1.0,0.0
470,470,2021-11-30,38649.77734375,39450.15766287152,38357.080246519916,38754.562943375044,2534,38869.46484375,39371.346875,40627.106770833336,41114.916796875,41325.06546875,41558.448828125,-0.0740056305729875,-0.0003277566542228,0.0027111566178785,0.0207085363520456,-0.0075730603730739,Capital Goods,1.0,0.0
471,471,2021-12-01,38258.90234375,39349.150056223996,38158.339994888556,38655.19338023866,2581,38737.79921875,39058.0859375,40337.0140625,40918.6697265625,41190.605,41371.858723958336,-0.1331669842261443,-0.0101132536035995,0.0103581392097467,0.028496575847323,-0.0026284692633862,Capital Goods,1.0,0.0
472,472,2021-12-02,38141.6953125,38585.63381121648,38024.239948826056,38553.835194632426,4217,38584.82890625,38818.02109375,40056.209375,40707.14921875,40992.78578125,41226.62356770833,-0.1509069947830176,-0.0030635231036404,0.0108054945842261,0.0116391915744498,-0.0030794479037079,Capital Goods,1.0,0.0
473,473,2021-12-03,38387.68359375,38655.138185670265,38257.705987723326,38307.39132017491,6371,38420.1015625,38696.67421875,39621.25729166667,40489.3212890625,40833.106875,41099.97890625,-0.1136751439315601,0.006449327415433,-0.002091615488572,0.0069671979885708,-0.0033859194892352,Capital Goods,1.0,1.0
474,474,2021-12-06,38950.62109375,39130.78089796406,38357.07929506068,38644.260536414884,6340,38477.7359375,38693.375390625,39302.929947916666,40285.909375,40708.30921875,40986.466145833336,-0.028471064565717,0.0146645342281515,-0.0078653574380171,0.0046253384196477,-0.0152383141018658,Capital Goods,1.0,1.0
475,475,2021-12-07,40290.78125,40423.29359062979,38800.41917042687,39030.81162065068,3332,38805.93671875,38837.70078125,39182.87682291667,40171.8142578125,40653.12078125,40905.210677083334,0.1743704805721814,0.0344066440692788,-0.0312719086167959,0.003288899756189,-0.0369901509311918,Capital Goods,1.0,1.0
476,476,2021-12-08,39404.9921875,40783.76021243015,38988.18269496347,40776.70334230255,2600,39035.1546875,38886.476953125,39050.4421875,40011.54921875,40541.96671875,40831.36328125,0.0403008163862891,-0.021984906596965,0.0348105932435047,0.0349896789312782,-0.0105775808951625,Capital Goods,1.0,0.0
477,477,2021-12-09,39305.57421875,39995.80449007952,39251.41720008153,39708.52231177869,2358,39267.93046875,38926.3796875,38967.990885416664,39859.1396484375,40419.30546875,40705.309895833336,0.0252532906844733,-0.0025229790245089,0.0102516780644428,0.0175606204730183,-0.0013778457571199,Capital Goods,1.0,0.0
478,478,2021-12-10,39479.91796875,39678.70977665916,39220.66143524771,39305.57289909504,1272,39486.37734375,38953.239453125,38959.90859375,39587.5373046875,40288.7325,40608.651953125,0.0516412977224459,0.0044355986005881,-0.0044160443745846,0.0050352639553739,-0.0065667951414565,Capital Goods,1.0,1.0
479,479,2021-12-13,39854.84375,40017.213874991285,39560.458134907036,39560.458134907036,1801,39667.221875,39072.47890625,39017.990885416664,39394.0029296875,40162.171875,40534.794661458334,0.1083886382743291,0.0094966200676194,-0.0073864450940913,0.0040740374246552,-0.0073864450940913,Capital Goods,1.0,1.0
480,480,2021-12-14,39858.421875,40344.4919538412,39667.57972724459,39897.17643623645,1349,39580.75,39193.343359375,39085.38385416667,39282.3451171875,40053.60140625,40474.392317708334,0.1089302096681,8.977892429950876e-05,0.0009723054605119,0.012194915302105,-0.0047880005975626,Capital Goods,1.0,1.0
481,481,2021-12-15,39806.6015625,40143.66613060691,39509.78211954001,39877.45363322788,2929,39661.071875,39348.11328125,39144.67526041667,39203.099609375,39941.45375,40395.15091145833,0.1010868842207585,-0.001300109489094,0.0017799075516817,0.0084675544979062,-0.0074565381446581,Capital Goods,1.0,0.0
482,482,2021-12-16,39290.96484375,40642.654378666804,39053.864873122504,39947.0092289326,1345,39658.15,39463.040234375,39170.303125,39140.5306640625,39818.94171875,40292.44622395833,0.0230420712382908,-0.0129535478666874,0.0166970800485943,0.0344020448541317,-0.0060344654698702,Capital Goods,1.0,0.0
483,483,2021-12-17,40333.6640625,40592.920600030215,38908.58766448429,39351.780873483396,7315,39828.89921875,39657.63828125,39245.12604166667,39177.15625,39635.8096875,40212.09361979167,0.1808610600053877,0.0265378878553007,-0.0243440116795514,0.0064277953306814,-0.0353321829578252,Capital Goods,1.0,1.0
484,484,2021-12-20,38772.44921875,40086.12951674548,38373.922358066324,40086.12951674548,10453,39612.4203125,39639.82109375,39252.459375,39166.5982421875,39437.68640625,40070.546614583334,-0.0554384820468069,-0.0387074886459802,0.0338817981444463,0.0338817981444463,-0.0102786093918192,Capital Goods,1.0,0.0
485,485,2021-12-21,38853.2890625,39549.477673487054,38516.07312861047,39241.47904666737,12381,39411.39375,39496.071875,39266.02682291667,39166.886328125,39308.15484375,39946.566796875,-0.0432028706995484,0.0020849816139782,0.0099911743261407,0.017918395785416,-0.0086792120313695,Capital Goods,1.0,1.0
486,486,2021-12-22,39803.3203125,40424.98481595119,38607.64265020573,38754.66467109011,7287,39410.7375,39535.9046875,39368.988020833334,39211.1908203125,39244.6271875,39853.00104166667,0.1005902466980865,0.0244517587294029,-0.0263459337858446,0.0156184081772685,-0.0300396462633488,Capital Goods,1.0,1.0
487,487,2021-12-23,39806.30078125,40294.808570495225,39549.77693730833,39803.31966101051,2076,39513.8046875,39585.97734375,39479.96171875,39256.178515625,39215.18546875,39768.085546875,0.1010413591145136,7.487990264631267e-05,-7.48906625580581e-05,0.0122721222434043,-0.0064443025075694,Capital Goods,1.0,1.0
488,488,2021-12-24,39912.625,40194.44176900555,39535.614235745124,40194.44176900555,1222,39429.596875,39629.248046875,39581.62447916667,39291.24375,39227.644375,39601.44088541667,0.1171341885545247,0.0026710399274298,0.0070608427535283,0.0070608427535283,-0.0094459024996444,Capital Goods,1.0,1.0
489,489,2021-12-27,40367.7421875,40902.2593369689,39392.6209326807,39759.19777241218,7665,39748.65546875,39680.537890625,39676.09921875,39376.5083984375,39283.0096875,39489.51458333333,0.1860189954194241,0.0114028377612346,-0.0150750173804928,0.0132411950855753,-0.0241559523019657,Capital Goods,1.0,1.0
490,490,2021-12-28,40289.23828125,40786.83688541812,39953.51681910028,40518.3885870293,1066,40035.8453125,39723.61953125,39675.996354166666,39458.4814453125,39340.678125,39429.43658854167,0.1741369426894964,-0.0019447187778143,0.0056876306317745,0.012350658026704,-0.0083327825610929,Capital Goods,1.0,0.0
491,491,2021-12-29,41109.203125,41238.83139820624,40356.41977696269,40356.41977696269,2052,40297.021875,39853.8796875,39789.61041666667,39600.996484375,39428.35703125,39420.02630208333,0.2982437034295007,0.0203519569674167,-0.0183117961627311,0.0031532665036604,-0.0183117961627311,Capital Goods,1.0,1.0
492,492,2021-12-30,40794.9921875,41337.206718049245,40250.390431772226,41337.206718049245,8721,40494.76015625,40004.282421875,39888.904947916664,39733.661328125,39503.89484375,39428.447916666664,0.2506859307524877,-0.0076433234802578,0.0132912031961458,0.0132912031961458,-0.0133497207996682,Capital Goods,1.0,0.0
493,493,2021-12-31,41905.5546875,42630.01733179952,40842.439905954016,41089.77195034756,9533,40893.34609375,40161.471484375,40050.6140625,39909.5548828125,39611.66421875,39505.261328125,0.4187764477117046,0.027223010483632,-0.0194671742979166,0.0172879860367443,-0.0253693046058903,Capital Goods,1.0,1.0
494,494,2022-01-03,42239.33984375,42471.02098981469,41364.03181380502,41905.551460691175,4896,41267.665625,40508.160546875,40209.58046875,40073.9908203125,39754.73984375,39613.78567708333,0.4692968997055144,0.0079651769017047,-0.0079023106017651,0.0054849613398721,-0.0207225783637453,Capital Goods,1.0,1.0
495,495,2022-01-04,41946.40234375,42339.859779008235,41238.98013640109,42232.53944348127,11673,41599.0984375,40817.471875,40348.77916666667,40156.771875,39886.60484375,39717.08151041667,0.424958993633825,-0.0069351817780207,0.0068214932328731,0.0093800043215592,-0.0168649077828318,Capital Goods,1.0,0.0
496,496,2022-01-05,43093.48046875,43415.74032629705,41700.45506725542,41949.02924436239,16547,41995.95390625,41146.487890625,40567.90442708333,40341.1962890625,40079.98796875,39856.28984375,0.5985763767382062,0.027346281466518,-0.0265574098898214,0.007478158042508,-0.0323256647256597,Capital Goods,1.0,1.0
497,497,2022-01-06,42635.734375,43027.503270249326,42119.25527974106,43027.503270249326,6839,42364.10234375,41429.43125,40790.8890625,40507.704296875,40259.74953125,39980.59609375,0.5292936686200231,-0.0106221657840318,0.0091887450982677,0.0091887450982677,-0.0121137609760929,Capital Goods,1.0,0.0
498,498,2022-01-07,42796.859375,43275.92692933451,42458.45566251979,42835.71485976631,3785,42542.36328125,41717.8546875,40955.10208333333,40673.5513671875,40436.1165625,40100.1140625,0.5536809359238027,0.0037791069477737,0.0009079050503646,0.0111939885620289,-0.0079072090200593,Capital Goods,1.0,1.0
499,499,2022-01-10,43282.23828125,44021.206714434054,42745.434817741916,42969.22067142953,4897,42750.94296875,42009.304296875,41255.7546875,40844.92109375,40609.38125,40254.10703125,0.6271460414650594,0.0113414608767655,-0.0072320106873047,0.0170732490399918,-0.0124023961057631,Capital Goods,1.0,1.0
500,500,2022-01-11,43266.98828125,43487.09434000604,43028.448184806446,43280.900176611554,2900,43015.06015625,42307.079296875,41550.001302083336,41015.3494140625,40728.42953125,40408.0140625,0.6248378594549266,-0.0003523385251221,0.000321536023518,0.0050871592292323,-0.0055132124032521,Capital Goods,1.0,0.0
501,501,2022-01-12,43362.82421875,43693.28214718812,43189.573790361734,43325.61068040487,11700,43068.92890625,42532.44140625,41787.3015625,41193.160546875,40886.7428125,40578.144791666666,0.6393432225278254,0.0022149897949224,-0.0008581899130324,0.0076207658147697,-0.0039953677259183,Capital Goods,1.0,1.0
502,502,2022-01-13,43828.625,43921.8354633574,43143.864052579236,43375.29678677716,7746,43307.50703125,42835.8046875,42055.45651041667,41420.0435546875,41067.66484375,40767.70911458333,0.709845057517139,0.0107419382764416,-0.0103431995236638,0.0021267028878364,-0.0156236009553292,Capital Goods,1.0,1.0
503,503,2022-01-14,44275.79296875,44567.74476878612,43574.7329033235,43723.09408754937,3932,43603.29375,43072.828515625,42346.334375,41617.15,41259.49984375,40963.97942708333,0.7775267008598509,0.0102026465295226,-0.0124830939016886,0.006593937238847,-0.0158339358466444,Capital Goods,1.0,1.0
504,504,2022-01-17,45728.84375,45958.93732498422,44021.259618358636,44219.95050728211,9944,44092.61484375,43421.77890625,42703.74114583333,41964.9697265625,41494.45984375,41189.920182291666,0.9974549417182506,0.0328181763401858,-0.0329965317069248,0.0050316945742634,-0.0373415112128515,Capital Goods,1.0,1.0
505,505,2022-01-18,44732.15625,46105.70742075692,44684.11285709312,45740.32222097362,4863,44385.6484375,43700.354296875,42999.93567708333,42258.9130859375,41689.40921875,41337.966015625,0.8466001117363364,-0.0217955981010344,0.0225378353178229,0.0307061247635902,-0.0010740236316437,Capital Goods,1.0,0.0
506,506,2022-01-19,45241.62890625,45588.92941912811,44027.171741280246,44518.06288108507,4025,44761.409375,43915.169140625,43275.43072916667,42530.828515625,41906.8103125,41532.52057291667,0.923711955658356,0.0113894052726331,-0.0159933681137853,0.0076765695947373,-0.0268437983850307,Capital Goods,1.0,1.0
507,507,2022-01-20,44913.609375,45268.95658950622,44708.95624058073,45025.847779144926,3172,44978.40625,44142.956640625,43550.005208333336,42786.1939453125,42131.71609375,41719.455078125,0.8740641667400985,-0.0072503917117954,0.0024989842879874,0.0079117937625385,-0.0045565951449269,Capital Goods,1.0,0.0
508,508,2022-01-21,43587.703125,44815.17935047448,42060.17793185402,44815.17935047448,5725,44840.78828125,44222.041015625,43662.1484375,42969.9478515625,42261.87765625,41856.38125,0.673380038650093,-0.0295212579984282,0.028161066940241,0.028161066940241,-0.0350448654925764,Capital Goods,1.0,0.0
509,509,2022-01-24,41948.98046875,43586.95851808327,41729.720630335105,43586.95851808327,2780,44084.815625,44088.715234375,43642.79114583333,43049.009765625,42388.93890625,41926.185807291666,0.4253492088302102,-0.037595985536345,0.0390469096276007,0.0390469096276007,-0.0052268216286742,Capital Goods,1.0,0.0
510,510,2022-01-25,42592.30859375,42957.14646932253,40620.59646388039,41947.34246020915,3622,43656.84609375,44021.247265625,43685.8515625,43164.16328125,42538.4996875,42017.31536458333,0.5227209075015175,0.0153359656852506,-0.0151427841043463,0.008565815932928,-0.0462926804150488,Capital Goods,1.0,1.0
511,511,2022-01-27,42015.66015625,42729.39002569075,40355.67303908915,41536.94193195055,12228,43011.65234375,43886.530859375,43613.996875,43209.4861328125,42626.99328125,42090.95065104167,0.4354415927730806,-0.0135387927195995,-0.0113938046556729,0.0169872344451211,-0.039508771514897,Capital Goods,1.0,0.0
512,512,2022-01-28,41637.60546875,42940.254096179975,41436.379851639926,42629.02591804979,2260,42356.4515625,43667.42890625,43547.45494791667,43251.616796875,42700.24546875,42169.17200520833,0.3782206728692209,-0.0089979471010111,0.0238106980009662,0.0312853876385288,-0.0048327855275226,Capital Goods,1.0,0.0
513,513,2022-01-31,42541.03125,43110.871594596225,40388.56544394804,42431.226656988016,6628,42147.1171875,43493.952734375,43530.399739583336,43283.390625,42805.38171875,42242.75091145833,0.5149597637394753,0.0216973519749602,-0.0025811455384496,0.0133950759502621,-0.0505974054414103,Capital Goods,1.0,1.0
514,514,2022-02-01,44031.3984375,44914.50492847841,42133.16994939094,42828.66381294048,16128,42563.60078125,43324.208203125,43580.34375,43372.9935546875,42951.92796875,42418.04921875,0.7405360739479769,0.035033640316371,-0.0273153855484905,0.0200562898821379,-0.0431107926495563,Capital Goods,1.0,1.0
515,515,2022-02-02,45796.0703125,45909.25195892675,44031.39462365874,44031.39462365874,7632,43204.353125,43430.599609375,43748.94921875,43565.476953125,43172.20125,42649.475260416664,1.0076300985815665,0.0400775795823257,-0.0385333430750627,0.0024714270384866,-0.0385333430750627,Capital Goods,1.0,1.0
516,516,2022-02-03,45626.39453125,45958.93694068484,45463.07727509778,45720.44732196561,2742,43926.5,43469.076171875,43899.85390625,43692.12265625,43352.88890625,42843.577734375,0.9819486175431092,-0.0037050292763588,0.0020613680235284,0.0072883779849639,-0.0035794468931873,Capital Goods,1.0,0.0
517,517,2022-02-04,44396.68359375,45626.39572237393,44164.303712777146,45626.39572237393,5134,44478.315625,43417.38359375,43937.72447916667,43780.1701171875,43496.9565625,42996.590494791664,0.7958242461594381,-0.0269517447112275,0.0276982880044904,0.0276982880044904,-0.0052341720633738,Capital Goods,1.0,0.0
518,518,2022-02-07,44709.0,44915.29506658714,43723.1963592606,44495.20555305223,3088,44911.909375,43529.51328125,43966.60494791667,43875.7771484375,43609.094375,43156.46966145833,0.8430952697906225,0.0070346787410482,-0.0047819107326885,0.0046141731326385,-0.022049333260404,Capital Goods,1.0,1.0
519,519,2022-02-08,44212.9921875,45183.29631803928,43837.173090025964,44716.80148422224,3877,44948.228125,43755.914453125,43865.548177083336,43922.31484375,43688.04046875,43284.64466145833,0.7680214134169963,-0.0110941379252499,0.0113950509068843,0.0219461312734587,-0.008500195957791,Capital Goods,1.0,0.0
520,520,2022-02-09,44053.8046875,44500.572926532,43921.98715420819,44071.88937455223,1274,44599.775,43902.0640625,43820.32473958333,43961.6556640625,43772.3365625,43410.130208333336,0.7439273987456515,-0.0036004688242974,0.0004105136248846,0.0101414223402767,-0.0029921940732899,Capital Goods,1.0,0.0
521,521,2022-02-10,44589.41015625,44816.421681024265,43641.115053162306,44405.97034232489,2943,44392.378125,44159.4390625,43776.843489583334,44022.9849609375,43832.17375,43526.137109375,0.824994605794666,0.0121579843681918,-0.0041139771367754,0.0050911533473705,-0.0212672717527476,Capital Goods,1.0,1.0
522,522,2022-02-11,43237.37109375,44763.953043579364,43017.365978431575,44320.31345441147,3750,44160.515625,44319.415625,43665.09427083333,43993.422265625,43856.23921875,43607.54973958333,0.6203551145776657,-0.0303219768497091,0.0250464432334096,0.0353070020496697,-0.0050883092508421,Capital Goods,1.0,0.0
523,523,2022-02-14,40904.24609375,41934.27350749501,40642.602354095565,41725.7426124321,18603,43399.56484375,44155.737109375,43486.19713541667,43824.844921875,43780.5346875,43574.17278645833,0.2672221865520274,-0.0539608431544362,0.0200834044661104,0.025181430098583,-0.00639649338738,Capital Goods,1.0,0.0
524,524,2022-02-15,41300.08984375,41653.75239865516,40369.335985925274,40742.026472080724,6733,42816.984375,43882.60625,43442.937760416666,43603.4072265625,43701.24875,43542.864453125,0.3271355913109446,0.0096773266299237,-0.0135124009119734,0.0085632393596035,-0.0225363639969315,Capital Goods,1.0,1.0
525,525,2022-02-16,41515.67578125,41845.83482828477,40864.59605404398,41238.82754535114,5665,42309.35859375,43454.566796875,43371.16223958333,43442.583203125,43631.19625,43528.50690104167,0.3597658590207875,0.0052199871311569,-0.0066685229299313,0.0079526357411212,-0.0156827442876426,Capital Goods,1.0,1.0
526,526,2022-02-17,41805.2890625,42003.33557339824,39361.96238477064,41525.95657161861,3548,41752.534375,43072.45625,43357.1375,43270.7662109375,43568.89484375,43485.5671875,0.4036006239831985,0.006975998241628,-0.0066817500164579,0.0047373553763054,-0.0584453960855652,Capital Goods,1.0,1.0
527,527,2022-02-18,40310.10546875,41765.48975506565,39899.5066646219,41616.43376022245,5843,41167.08125,42663.7984375,43268.6375,43040.591015625,43428.1540625,43408.046223958336,0.1772953208396319,-0.0357654169431686,0.032406967838007,0.0361047005308365,-0.0101860017321565,Capital Goods,1.0,0.0
528,528,2022-02-21,40386.83203125,40676.09776955615,39559.57106926872,40189.48029594101,5553,41063.5984375,42231.581640625,43125.02421875,42880.5474609375,43272.595625,43327.71197916667,0.1889083615781123,0.0019034076345813,-0.004886536660174,0.0071623775314273,-0.0204834328511127,Capital Goods,1.0,1.0
529,529,2022-02-22,40436.4609375,41001.185239628416,39416.37053349656,39753.237109679074,9293,40890.87265625,41853.928515625,42885.36171875,42804.921484375,43060.9003125,43232.852734375,0.1964200041085264,0.0012288388010131,-0.0168962320633583,0.0139657202691718,-0.0252269951512355,Capital Goods,1.0,1.0
530,530,2022-02-23,40480.73046875,40848.49898676267,40199.95786636032,40722.100271769305,3119,40683.88359375,41496.62109375,42531.00572916667,42699.342578125,42890.84328125,43139.97747395833,0.2031204720185763,0.0010947924280125,0.0059625851664319,0.0090850267214563,-0.0069359569142762,Capital Goods,1.0,1.0
531,531,2022-02-24,39517.78125,40631.17922295703,39152.147620691554,40135.81639862637,9299,40226.38203125,40989.458203125,42123.76484375,42574.4486328125,42661.889375,43011.809375,0.0573721399929932,-0.02378784195837,0.0156394192456432,0.0281746074232602,-0.0092523825413008,Capital Goods,1.0,0.0
532,532,2022-02-25,40104.51171875,40741.924103014586,39947.00920732311,39947.00920732311,2770,40185.26328125,40676.172265625,41837.62005208333,42497.7939453125,42469.52546875,42887.672265625,0.1461774326333545,0.0148472523049355,-0.0039273015597706,0.0158937824435991,-0.0039273015597706,Capital Goods,1.0,1.0
533,533,2022-02-28,40693.234375,41002.77402547552,39499.94396154906,40007.62718393184,2356,40246.54375,40655.07109375,41569.90234375,42405.4041015625,42353.74671875,42768.253645833334,0.2352842551981951,0.0146797113596262,-0.0168481862304207,0.0076066612848471,-0.029324049360501,Capital Goods,1.0,1.0
534,534,2022-03-02,40186.94140625,40940.71844413185,39499.04790278033,40510.44341776513,4858,40196.63984375,40543.75625,41301.49895833333,42213.18125,42283.26515625,42583.52356770833,0.1586536766850505,-0.0124416988849881,0.0080499286632651,0.0187567655438596,-0.0171173391006732,Capital Goods,1.0,0.0
535,535,2022-03-03,40249.24609375,40990.40383305645,40245.12376336452,40544.22949800088,1294,40150.34296875,40417.11328125,41047.86171875,41935.8400390625,42189.54265625,42434.09322916667,0.1680838772643583,0.0015503714719207,0.007328917504785,0.0184142017860438,-0.0001024200646113,Capital Goods,1.0,1.0
536,536,2022-03-04,38928.66015625,40198.966741262986,38655.68968653538,40198.966741262986,8416,40032.51875,40129.450390625,40670.47838541667,41600.9533203125,42066.06265625,42223.6609375,-0.0317949885567432,-0.0328102030637802,0.0326316544138505,0.0326316544138505,-0.0070120694783479,Capital Goods,1.0,0.0
537,537,2022-03-07,39240.38671875,39698.53601308563,37785.80181703112,38273.61093020804,3860,39859.69375,40022.478515625,40404.01276041667,41343.1384765625,41970.17390625,42034.553515625,0.0153867585673894,0.0080076365651632,-0.0246372645476506,0.0116754530891693,-0.0370685669370288,Capital Goods,1.0,1.0
538,538,2022-03-08,38808.171875,39937.57002667884,38457.443863661756,39037.916092885855,3945,39482.68125,39864.6125,40264.27447916667,41048.0970703125,41820.85953125,41875.23580729167,-0.0500316366362885,-0.0110145408822762,0.0059199958870996,0.0291020704432201,-0.0090374783040007,Capital Goods,1.0,0.0
539,539,2022-03-09,40116.2421875,40245.12518242981,39053.173882273644,39399.28273517598,3243,39468.54140625,39832.590625,40185.351302083334,40843.2595703125,41664.25328125,41814.14453125,0.1479529117769069,0.0337060533722963,-0.0178720491558759,0.003212738479527,-0.0264996980588975,Capital Goods,1.0,1.0
540,540,2022-03-10,39837.65234375,40741.975929713524,39748.26919972051,40739.988516253536,2761,39386.22265625,39768.2828125,40073.483072916664,40632.451953125,41425.9165625,41722.32265625,0.1057866123966154,-0.0069445648086352,0.0226503350327345,0.0227002228484831,-0.00224368502587,Capital Goods,1.0,0.0
541,541,2022-03-11,39668.28125,40334.51124218973,39432.32633092617,39549.53327947494,3445,39534.146875,39783.3328125,39931.015885416666,40386.3955078125,41187.59203125,41644.07669270833,0.0801512476995493,-0.0042515330042176,-0.0029935244679918,0.0167950304675661,-0.0059482012237127,Capital Goods,1.0,0.0
542,542,2022-03-14,39960.9765625,40207.56335747122,39574.374147445546,39574.374147445546,1853,39678.26484375,39768.979296875,39907.740625,40222.57578125,41010.16375,41588.1890625,0.1244524971921844,0.0073785730885428,-0.0096744986812271,0.0061706899125839,-0.0096744986812271,Capital Goods,1.0,1.0
543,543,2022-03-15,39985.5703125,40243.28584435051,39748.87012698779,39778.08355449833,1980,39913.74453125,39698.212890625,39880.98984375,40176.6419921875,40821.2265625,41503.00703125,0.1281749136716403,0.0006154441686762,-0.0051890408559912,0.0064452133566279,-0.0059196401017246,Capital Goods,1.0,1.0
544,544,2022-03-16,39710.2109375,40384.24301394059,39609.40016231362,40071.22538231187,1820,39832.53828125,39650.53984375,39832.57317708333,40097.148046875,40641.1153125,41358.967447916664,0.0864975657571223,-0.0068864686147522,0.0090912245563257,0.016973772249698,-0.002538661286515,Capital Goods,1.0,0.0
545,545,2022-03-17,39164.86328125,40595.851465363136,38605.50730338716,40044.39467984287,7441,39697.98046875,39542.1015625,39744.84869791667,39979.607421875,40445.55765625,41137.92721354167,0.0039558182538887,-0.013733184573316,0.0224571548297463,0.0365375508612644,-0.0142820868247643,Capital Goods,1.0,0.0
546,546,2022-03-21,39308.50390625,39420.198872827226,38968.26027113757,39368.67362569096,3535,39626.025,39580.0859375,39730.896875,39854.7681640625,40234.32140625,40927.330859375,0.0256967170440019,0.0036675890828085,0.0015307048974557,0.0028414962534217,-0.008655725893916,Capital Goods,1.0,1.0
547,547,2022-03-22,39080.64453125,39653.865792789555,38755.4074342534,39002.987905450194,1649,39449.95859375,39564.11171875,39662.6390625,39793.2951171875,40068.05234375,40750.129557291664,-0.0087912114946927,-0.0057966941591936,-0.0019870866187405,0.0146676511714434,-0.0083222040193459,Capital Goods,1.0,0.0
548,548,2022-03-23,38866.25390625,39302.09523464726,38655.19214755072,39251.11730260258,2422,39226.0953125,39569.919921875,39540.84036458333,39717.2662109375,39986.53265625,40555.371354166666,-0.0412405612498479,-0.0054858518218287,0.0099022508647454,0.0112138753955697,-0.0054304631264023,Capital Goods,1.0,0.0
549,549,2022-03-24,38690.3671875,39200.736513066215,38158.33816070731,38883.844991788974,6020,39022.1265625,39427.332421875,39441.06875,39629.9615234375,39882.14375,40371.283854166664,-0.0678621061705056,-0.0045254353345773,0.0050006711838983,0.0131911212703896,-0.0137509428177403,Capital Goods,1.0,0.0
550,550,2022-03-25,38171.60546875,38913.655959642754,38106.71564379889,38743.63118770349,6710,38823.475,39260.727734375,39302.559375,39514.5052734375,39748.3809375,40175.210546875,-0.1463799072698038,-0.0134080329668621,0.0149856342673821,0.0194398554050929,-0.0016999501109334,Capital Goods,1.0,0.0
551,551,2022-03-28,38354.6953125,38802.20879626395,37711.169300310714,38312.41231604205,7221,38632.71328125,39129.369140625,39264.29505208333,39456.3509765625,39610.3571875,39967.38671875,-0.1186681247398519,0.0047964931393805,-0.0011024203454998,0.0116677627111301,-0.0167782850820759,Capital Goods,1.0,1.0
552,552,2022-03-29,38719.6796875,39240.97976213367,37770.7907357323,38736.37473598173,4721,38560.5203125,39005.239453125,39229.58125,39387.109375,39546.74015625,39816.79700520833,-0.0634254776346357,0.0095160285338272,0.0004311773397009,0.0134634397505608,-0.0245066322713933,Capital Goods,1.0,1.0
553,553,2022-03-30,39686.359375,39776.938069884796,38506.13470140163,39052.62292581758,3866,38724.54140625,38975.318359375,39288.12708333333,39336.765625,39518.72125,39776.20078125,0.0828874839554136,0.0249661075531075,-0.0159686214397795,0.0022823634193529,-0.0297387992293856,Capital Goods,1.0,1.0
554,554,2022-03-31,39427.10546875,40365.809014470426,38975.166854332085,39686.362011853285,10705,38871.8890625,38947.0078125,39242.18463541667,39298.773828125,39478.34703125,39713.76796875,0.0436477985480108,-0.0065325696368438,0.0065755915891105,0.0238085838298336,-0.0114626374177054,Capital Goods,1.0,0.0
555,555,2022-04-01,39514.5,39648.8483746106,39210.62370326223,39430.43085731945,1325,39140.46796875,38981.971484375,39220.64114583333,39262.0365234375,39439.6978125,39647.062109375,0.0568755024703212,0.0022166103803706,-0.0021275517260891,0.003399976581017,-0.0076902478011304,Capital Goods,1.0,1.0
556,556,2022-04-04,39615.7109375,39995.702844741005,39210.67451491056,39251.41649152202,2609,39392.67109375,39012.6921875,39217.136458333334,39296.3890625,39443.615,39574.076171875,0.0721944051041685,0.0025613619683913,-0.0091957063840837,0.0095919497151142,-0.010224136157204,Capital Goods,1.0,1.0
557,557,2022-04-05,39609.0,39847.53617861488,39499.940693966615,39837.70003533866,1345,39570.53515625,39065.527734375,39193.67135416667,39314.8197265625,39423.79453125,39550.70598958333,0.071178663123275,-0.0001694009104263,0.0057739411582888,0.0060222721758913,-0.002753397107561,Capital Goods,1.0,0.0
558,558,2022-04-06,39423.42578125,39716.02193492986,39262.34437680836,39499.84027177576,7644,39517.9484375,39121.244921875,39156.195052083334,39345.582421875,39373.0021875,39518.592447916664,0.0430908550404429,-0.0046851528377388,0.0019383016318714,0.0074218855383951,-0.0040859311754244,Capital Goods,1.0,0.0
559,559,2022-04-07,40714.99609375,40841.34434481674,39173.10880239877,39526.67041371716,4794,39775.5265625,39323.7078125,39223.18072916667,39375.5201171875,39394.124375,39527.876953125,0.2385780261967734,0.0327614936273315,-0.0291864372845968,0.0031032362320706,-0.0378702551708686,Capital Goods,1.0,1.0
560,560,2022-04-08,40537.87109375,41388.88000509029,40287.158103417314,40677.33550765427,4389,39980.20078125,39560.334375,39314.714583333334,39410.5310546875,39405.669375,39529.781640625,0.2117690597348216,-0.0043503626917255,0.0034403487440606,0.0209929354546567,-0.0061846609989181,Capital Goods,1.0,0.0
561,561,2022-04-11,40086.82421875,40782.570313235316,39698.583776522995,40593.91353829138,7129,40074.4234375,39733.547265625,39366.60260416667,39431.458203125,39451.9959375,39548.749739583334,0.1435003198920939,-0.0111265555597847,0.0126497753170529,0.0173559793783786,-0.0096849887660946,Capital Goods,1.0,0.0
562,562,2022-04-12,39527.21875,40252.07732651495,39391.52732368181,40202.39199147839,2209,40058.0671875,39814.301171875,39396.37421875,39409.7703125,39463.46921875,39529.506640625,0.0588005641058213,-0.0139598354236366,0.0170812230870252,0.0183382135004108,-0.0034328604594319,Capital Goods,1.0,0.0
563,563,2022-04-13,39750.94921875,39867.5117880229,39207.24416436741,39867.5117880229,15779,40123.571875,39820.76015625,39455.35390625,39398.0392578125,39501.1803125,39498.09713541667,0.0926635570951537,0.0056601621825466,0.0029323216568102,0.0029323216568102,-0.0136777879539573,Capital Goods,1.0,1.0
564,564,2022-04-18,40168.2109375,40709.18332488419,39266.519127966756,39797.9542598094,2867,40014.21484375,39894.870703125,39553.87682291667,39420.9392578125,39503.2590625,39497.47278645833,0.1558187041597978,0.0104968994942436,-0.0092176541859607,0.0134676744310548,-0.0224478956988211,Capital Goods,1.0,1.0
565,565,2022-04-19,39909.1953125,40462.59286513501,39301.0973150795,40293.81024093954,7754,39888.4796875,39934.340234375,39669.716145833336,39458.155859375,39506.12078125,39486.13776041667,0.1166150840963033,-0.006448273870176,0.0096372508998967,0.0138664172079079,-0.0152370398014523,Capital Goods,1.0,0.0
566,566,2022-04-20,40064.765625,40334.45608445233,39301.101987146096,39947.11229839302,9264,39884.06796875,39979.245703125,39783.72083333333,39495.9689453125,39521.98015625,39524.00794270833,0.1401616150224168,0.0038981069721361,-0.0029365784317372,0.0067313624638813,-0.0190607289457693,Capital Goods,1.0,1.0
567,567,2022-04-21,40463.29296875,40642.60657767187,39802.6254751745,40195.48899631277,5358,40071.2828125,40064.675,39899.96171875,39565.1013671875,39542.0728125,39564.771484375,0.2004811983266622,0.0099470778758611,-0.0066184423656289,0.0044315130026701,-0.0163275760597571,Capital Goods,1.0,1.0
568,568,2022-04-22,40630.6796875,40898.23521738308,40116.040538490044,40369.6841745259,4350,40247.22890625,40185.400390625,39962.91640625,39653.32265625,39567.8771875,39625.521744791666,0.2258162155695409,0.0041367547342049,-0.0064236068650949,0.0065850616317746,-0.0126662697490704,Capital Goods,1.0,1.0
569,569,2022-04-25,40592.421875,40851.28247056268,39666.1397265007,40205.37311503201,3931,40332.07109375,40173.14296875,40040.604166666664,39748.425390625,39603.165625,39641.39440104167,0.2200256585492437,-0.0009415991264298,-0.0095350004284018,0.0063770670387643,-0.0228190905029437,Capital Goods,1.0,0.0
570,570,2022-04-26,41148.203125,41238.828400476836,40443.863033720656,40850.28907747476,2911,40579.87265625,40234.176171875,40149.51770833333,39897.2552734375,39682.49921875,39685.079427083336,0.3041465951275451,0.0136917489602238,-0.00724002568521,0.0022024114929521,-0.0171171530659479,Capital Goods,1.0,1.0
571,571,2022-04-27,40599.03125,41041.083258773586,40458.67016890507,41041.083258773586,6538,40686.72578125,40285.396875,40215.07239583333,40009.4720703125,39734.1203125,39716.10442708333,0.2210260284163402,-0.013346193352155,0.0108882403141967,0.0108882403141967,-0.0034572519780242,Capital Goods,1.0,0.0
572,572,2022-04-28,40811.3359375,41021.05851149889,40543.233095257325,40742.121937296884,5478,40756.334375,40413.80859375,40295.228125,40114.0548828125,39803.34796875,39744.44973958333,0.2531596586035111,0.005229304270653,-0.0016959503680328,0.0051388313854776,-0.0065693228629726,Capital Goods,1.0,1.0
573,573,2022-04-29,39864.68359375,40741.18346170379,39221.65824610216,40684.344208514325,5440,40603.13515625,40425.18203125,40324.6453125,40122.97109375,39843.28515625,39740.420182291666,0.1098779596071991,-0.0231958185637377,0.0205610716271389,0.0219868763260724,-0.0161302007110035,Capital Goods,1.0,0.0
574,574,2022-05-02,40046.18359375,40245.12290645047,39381.59175075404,39381.59175075404,3374,40493.8875,40412.979296875,40280.0578125,40153.925,39897.5178125,39751.61927083333,0.1373491094327135,0.0045529020586144,-0.0165956349233658,0.0049677471071556,-0.0165956349233658,Capital Goods,1.0,1.0
575,575,2022-05-04,38933.73046875,40391.30034774054,38893.68330924431,40244.08035951022,2043,40050.99296875,40315.4328125,40173.11510416667,40124.8865234375,39928.0028125,39743.91484375,-0.0310275653371857,-0.0277792544799105,0.0336559038906369,0.0374372006340477,-0.0010285980568399,Capital Goods,1.0,0.0
576,576,2022-05-05,39813.5078125,40245.024995968226,38994.049041972714,39285.20513812974,8349,39893.88828125,40290.30703125,40154.89401041667,40134.7763671875,39986.3553125,39760.748307291666,0.1021321879589539,0.0225967903192875,-0.0132694329989278,0.0108384617979515,-0.0205824308269065,Capital Goods,1.0,1.0
577,577,2022-05-06,39542.07421875,39633.79412432608,38909.777863466064,39395.502479169285,5485,39640.0359375,40198.18515625,40155.884375,40131.430078125,40019.25109375,39776.129296875,0.0610490313662042,-0.0068176256919712,-0.0037067286548972,0.0023195522083307,-0.015990470094867,Capital Goods,1.0,0.0
578,578,2022-05-09,38808.22265625,39430.28306959594,38626.57228956575,39430.28306959594,1692,39428.74375,40015.939453125,40093.0359375,40100.669921875,39984.125625,39774.194921875,-0.05002395057939,-0.0185587523416266,0.0160290879295335,0.0160290879295335,-0.004680718524351,Capital Goods,1.0,0.0
579,579,2022-05-10,38336.95703125,39200.73660212369,38168.275314648556,38655.24207166258,1955,39086.8984375,39790.39296875,39970.95234375,39981.76796875,39940.5196875,39762.41458333333,-0.1213529235380109,-0.0121434477732801,0.008302303183665,0.0225312502025027,-0.0043999766716994,Capital Goods,1.0,0.0
580,580,2022-05-11,38255.921875,38751.78156202473,38025.234396919775,38367.11999353549,5123,38951.33671875,39501.16484375,39860.734114583334,39867.6705078125,39890.1765625,39765.22513020833,-0.1336180966425714,-0.0021137607813772,0.0029066903393106,0.0129616452230567,-0.0060301115951143,Capital Goods,1.0,0.0
581,581,2022-05-12,36925.296875,38058.96878103075,36469.037970334946,37761.85046078197,3412,38373.69453125,39133.79140625,39651.436197916664,39709.594140625,39782.56,39717.578515625,-0.3350164367889908,-0.0347821967105582,0.0226552974946656,0.0307017682178283,-0.0123562690967546,Capital Goods,1.0,0.0
582,582,2022-05-13,34116.0859375,36005.968578102475,33885.39847969571,35773.44121023594,24056,37288.496875,38464.26640625,39228.2890625,39439.0375,39562.8434375,39564.125390625,-0.7602079219434611,-0.0760782221199135,0.0485798774153689,0.0553956466185687,-0.0067618383371089,Capital Goods,1.0,0.0
583,583,2022-05-16,32173.294921875,34410.0784250515,31848.30234269668,34278.90912991153,16780,35961.511328125,37695.1275390625,38664.46341145833,39060.15478515625,39272.838203125,39313.68990885417,-1.0542613823836688,-0.0569464802962495,0.0654460232671072,0.0695229850908332,-0.0101013147695157,Capital Goods,1.0,0.0
584,584,2022-05-17,32473.2421875,32586.623733526456,31801.59544244342,32295.46767113743,8151,34788.768359375,36937.8333984375,38123.184765625,38675.40634765625,38943.168046875,39081.89446614583,-1.008862504842414,0.0093228643927626,-0.0054744923631616,0.0034915375979951,-0.0206830824337928,Capital Goods,1.0,1.0
585,585,2022-05-18,32405.025390625,32791.328887856864,32295.46922195667,32543.895908279414,9065,33618.5890625,36284.962890625,37540.30625,38300.1978515625,38617.85421875,38844.91197916667,-1.0191875398152503,-0.002100707914569,0.0042854623929593,0.0119210984276414,-0.0033808388466816,Capital Goods,1.0,0.0
586,586,2022-05-19,31803.037109375,32084.256118658253,31679.22163691734,31798.6158906861,6809,32594.137109375,35483.9158203125,36953.906640625,37887.11142578125,38286.502734375,38584.489518229166,-1.1103021969360365,-0.0185770038441062,-0.0001390187570355,0.0088425205528674,-0.0038931964903805,Capital Goods,1.0,0.0
587,587,2022-05-20,31272.84375,32497.189354674807,30960.619948578642,32096.725565116234,8905,32025.488671875,34656.9927734375,36318.007161458336,37427.58896484375,37956.327734375,38306.61764322917,-1.1905502476902152,-0.0166711549450951,0.0263449599180194,0.0391504403776776,-0.0099838634413078,Capital Goods,1.0,0.0
588,588,2022-05-23,30807.83984375,31929.785223809984,30619.13648498889,31389.15829127673,7879,31752.39765625,33856.9544921875,35714.217578125,36936.44697265625,37598.603359375,38019.4314453125,-1.260931470709737,-0.0148692555741752,0.0188691726026568,0.0364175283223433,-0.0061251733233543,Capital Goods,1.0,0.0
589,589,2022-05-24,31095.517578125,31356.41605802468,30646.01472421128,31114.945321149382,6503,31476.852734375,33132.810546875,35117.506510416664,36461.6017578125,37235.695625,37698.78216145833,-1.217389662762188,0.0093378093314569,0.0006247763194668,0.0083902279241434,-0.0144555514403122,Capital Goods,1.0,1.0
590,590,2022-05-25,30625.294921875,31356.41461942668,30416.36809019272,31301.76075144796,6015,31120.906640625,32369.7478515625,34563.61080729167,35935.45634765625,36864.339609375,37368.36295572917,-1.2885607759368167,-0.0151218790640356,0.0220884674351258,0.0238730663465205,-0.0068220349294677,Capital Goods,1.0,0.0
591,591,2022-05-26,30252.658203125,30916.60378877295,29995.387124802044,30790.00515446523,9147,30810.830859375,31702.483984375,33926.22083333333,35418.1376953125,36471.8553125,37040.557421875,-1.3449616526931216,-0.0121676124164875,0.017761974757138,0.0219466858479022,-0.008504081743679,Capital Goods,1.0,0.0
592,592,2022-05-27,30943.134765625,31431.939524571546,30308.057143290825,30308.057143290825,5917,30744.8890625,31385.1888671875,33352.958203125,34924.72763671875,36091.048984375,36754.4212890625,-1.2404537458091345,0.022823665869754,-0.0205240234108305,0.0157968726390824,-0.0205240234108305,Capital Goods,1.0,1.0
593,593,2022-05-30,31082.6484375,31716.18691460632,30904.278086486356,30955.007589389326,8116,30799.85078125,31276.12421875,32837.919921875,34485.62587890625,35709.127734375,36465.4779296875,-1.2193374869508105,0.0045087116393257,-0.0041064984654486,0.0203823840294761,-0.0057385827778577,Capital Goods,1.0,1.0
594,594,2022-05-31,31989.208984375,32354.992042346148,31027.59782034331,31577.01865776187,8362,30978.5890625,31227.7208984375,32414.73671875,34082.7771484375,35364.99921875,36192.84453125,-1.0821239298758605,0.0291661294145472,-0.0128852928753088,0.0114345765207828,-0.0300604858501309,Capital Goods,1.0,1.0
595,595,2022-06-01,31549.294921875,32293.482302986075,31356.416827827117,32293.482302986075,4924,31163.3890625,31142.1478515625,31967.628255208332,33713.55537109375,34981.042890625,35914.18118489583,-1.1487076495523796,-0.0137519518758614,0.023588082806728,0.023588082806728,-0.0061135468962303,Capital Goods,1.0,0.0
596,596,2022-06-02,31618.158203125,31776.702945376273,31170.69129197417,31549.19456877503,2161,31436.4890625,31123.6599609375,31613.819010416668,33303.787890625,34621.80796875,35632.627604166664,-1.1382847651628738,0.0021827201343334,-0.0021811401507616,0.0050143572953469,-0.0141522130503668,Capital Goods,1.0,1.0
597,597,2022-06-03,31763.787109375,32237.835710306223,31467.315076477356,31945.685913782272,6813,31600.61953125,31172.754296875,31456.999088541663,32914.87353515625,34259.906015625,35342.64407552083,-1.1162429276834274,0.0046058630396632,0.0057266094808192,0.0149241839236262,-0.0093336487830237,Capital Goods,1.0,1.0
598,598,2022-06-06,31180.033203125,31798.565186485186,30904.279583051153,31798.565186485186,5071,31620.096484375,31209.9736328125,31390.781640625,32533.4640625,33912.52,35027.62252604167,-1.2045976991425076,-0.0183779693598848,0.0198374382519321,0.0198374382519321,-0.0088439168193769,Capital Goods,1.0,0.0
599,599,2022-06-07,32247.822265625,32421.67048710688,30804.909587161346,31180.033889392103,5802,31671.819140625,31325.2041015625,31375.753645833334,32229.00732421875,33600.585546875,34749.46920572917,-1.0429812070324078,0.0342459244845506,-0.0331119530316662,0.0053910065631685,-0.0447444998480329,Capital Goods,1.0,1.0
600,600,2022-06-08,32479.751953125,32722.763718445527,32052.011653157017,32247.8223472165,7155,31857.910546875,31510.6498046875,31380.735416666663,31940.198828125,33342.42640625,34460.520833333336,-1.0078772114715415,0.0071921038757159,-0.0071407443703148,0.0074819464653315,-0.013169444784717,Capital Goods,1.0,1.0
601,601,2022-06-09,32598.103515625,32727.731784724037,32148.002879077212,32394.840023743847,2131,32053.899609375,31745.1943359375,31433.73984375,31723.83916015625,33053.810234375,34193.8232421875,-0.9899639690168792,0.0036438567225145,-0.0062354391808014,0.0039765586067577,-0.0138075712389846,Capital Goods,1.0,1.0
602,602,2022-06-10,32491.23046875,32676.30835585905,31943.500069918267,32196.347982846048,7425,32199.38828125,31900.00390625,31514.965625,31642.59638671875,32771.776484375,33916.48639322917,-1.0061398669949086,-0.0032785050462758,-0.0090757561855827,0.0056962412453742,-0.0168577918081169,Capital Goods,1.0,0.0
603,603,2022-06-13,33239.5390625,33487.915271989616,31593.910331087176,31964.066071111392,5796,32611.289453125,32115.69296875,31677.07890625,31695.90859375,32549.029140625,33695.6482421875,-0.8928787237738273,0.0230310943277362,-0.0383721624114686,0.0074723120865964,-0.0495081694219213,Capital Goods,1.0,1.0
604,604,2022-06-14,32829.28515625,33339.208061942496,32507.473639979635,33169.92857837927,3982,32727.58203125,32199.7005859375,31792.663411458332,31713.7107421875,32328.722265625,33455.0849609375,-0.954973194986479,-0.0123423464290104,0.0103762058938532,0.0155325619569701,-0.0098025745835985,Capital Goods,1.0,0.0
605,605,2022-06-15,33237.75,33339.853363030954,32891.69164306055,33274.26872108407,2839,32879.181640625,32368.54609375,31966.827083333337,31755.34697265625,32127.995390625,33265.2189453125,-0.8931495094707127,0.0124420876606336,0.0010987121897261,0.0030719095916826,-0.0104116059883551,Capital Goods,1.0,1.0
606,606,2022-06-16,32725.05078125,33669.716585165406,32156.00420179645,33289.126885937505,5480,32904.57109375,32479.2353515625,32131.653255208337,31801.44765625,31959.985546875,33028.93704427083,-0.9707497136233598,-0.0154252083474362,0.0172368290108413,0.0288667482971991,-0.0173887149406529,Capital Goods,1.0,0.0
607,607,2022-06-17,32650.12109375,32990.06971864023,32196.098041626057,32593.530271828116,31607,32936.34921875,32567.86875,32245.45234375,31870.3115234375,31901.346953125,32799.2052734375,-0.9820907861946628,-0.0022896736815128,-0.001733249985793,0.0104118641371686,-0.0139057080621625,Capital Goods,1.0,0.0
608,608,2022-06-20,32625.130859375,32991.012900205555,31947.671297719626,32792.32201632186,11961,32813.467578125,32712.378515625,32348.284505208332,31961.17607421875,31919.420390625,32593.102213541668,-0.9858732130414416,-0.0007653948450373,0.0051246126082222,0.0112147302154166,-0.0207649607468379,Capital Goods,1.0,0.0
609,609,2022-06-21,33125.91015625,33730.28184034781,32499.826367289596,32633.330484316797,2158,32872.792578125,32800.1873046875,32424.064583333333,32062.695703125,31945.527109375,32419.400651041666,-0.9100771629369296,0.0153494954252757,-0.0148699211466123,0.0182446816177148,-0.0189001233779618,Capital Goods,1.0,1.0
610,610,2022-06-22,33222.84765625,33402.56108253468,32388.78024723058,32980.13477191961,5090,32869.812109375,32874.496875,32535.634765625,32192.57333984375,31978.24,32251.631510416668,-0.8954050715528481,0.0029263346891529,-0.0073056014596246,0.0054093324011277,-0.0251052353383233,Capital Goods,1.0,1.0
611,611,2022-06-23,33101.80859375,33587.284753705295,32954.34407962818,33123.22374838043,1691,32945.163671875,32924.8673828125,32634.544791666667,32335.030859375,32030.190859375,32124.181901041666,-0.9137250837879848,-0.0036432476755865,0.0006469481741391,0.0146661521100981,-0.0044548778567242,Capital Goods,1.0,0.0
612,612,2022-06-24,33606.26953125,33885.400204904545,33076.47244801975,33209.6796143082,2576,33136.393359375,33036.3712890625,32757.376953125,32468.18759765625,32123.527890625,32107.188020833335,-0.837371794558332,0.0152396790063987,-0.011801069338357,0.0083059106990432,-0.0157648287245212,Capital Goods,1.0,1.0
613,613,2022-06-27,34328.6953125,34549.593224149736,33687.65351666625,33837.703240303206,3959,33477.10625,33145.2869140625,32967.287760416664,32630.48994140625,32264.362109375,32179.034700520835,-0.7280281754148992,0.02149675615076,-0.0143026720860554,0.0064347890194738,-0.018673642851796,Capital Goods,1.0,1.0
614,614,2022-06-28,34290.53515625,34850.787822996026,34084.14303148607,34283.87809706416,5554,33710.03125,33291.4119140625,33103.46861979167,32745.55625,32392.1628125,32239.6111328125,-0.7338039515565454,-0.0011116110269447,-0.0001941369289077,0.0163384054577495,-0.0060189239923924,Capital Goods,1.0,0.0
615,615,2022-06-29,33372.15234375,34290.13946263726,33056.65043450467,34241.09847935225,2440,33739.8921875,33304.8521484375,33162.96197916667,32836.69912109375,32502.037109375,32271.848697916663,-0.8728068818009797,-0.0267823995255615,0.0260380609153305,0.0275075790566794,-0.0094540473744546,Capital Goods,1.0,0.0
616,616,2022-06-30,33575.06640625,33980.69674490606,32559.746485278625,33189.80705695525,10737,33834.54375,33389.8537109375,33228.09283854167,32934.54453125,32634.9334375,32330.916341145832,-0.8420945809048844,0.006080340890509,-0.0114745670085415,0.0120812966904677,-0.030240295244282,Capital Goods,1.0,1.0
617,617,2022-07-01,33044.328125,33855.3907928753,32925.1298957595,33855.3907928753,1860,33722.15546875,33429.2744140625,33264.966015625,32998.57158203125,32718.981171875,32389.9658203125,-0.9224251089619354,-0.0158075124804876,0.0245446863016012,0.0245446863016012,-0.0036072220560695,Capital Goods,1.0,0.0
618,618,2022-07-04,32869.38671875,33431.52587199494,32394.841266139127,32926.474397347236,7125,33430.29375,33453.7,33240.28919270833,33083.0392578125,32790.450703125,32458.684049479165,-0.948903574977252,-0.0052941432365709,0.001736803886416,0.0171022099698707,-0.0144373077803783,Capital Goods,1.0,0.0
619,619,2022-07-05,32776.81640625,33467.842346673286,32581.258040878532,33040.74644783531,4974,33127.55,33418.790625,33236.791276041666,33109.48896484375,32821.955,32514.72734375,-0.9629146654680628,-0.0028163078700581,0.0080523391385558,0.0210827656920187,-0.0059663624113956,Capital Goods,1.0,0.0
620,620,2022-07-06,34569.01953125,35054.04934261358,32792.32234581951,32792.32234581951,8072,33366.9234375,33553.4078125,33325.542578125,33213.95234375,32942.743984375,32646.18483072917,-0.691653615525197,0.0546789872081126,-0.0513956487491458,0.0140307656375708,-0.0513956487491458,Capital Goods,1.0,1.0
621,621,2022-07-07,35157.94140625,35261.68283478521,34581.98744070341,34581.98744070341,2568,33683.4984375,33759.02109375,33487.73528645833,33341.94423828125,33084.3353125,32809.69427083333,-0.6025166399679084,0.0170361173960291,-0.0163819024240198,0.0029507253378826,-0.0163819024240198,Capital Goods,1.0,1.0
622,622,2022-07-08,35826.359375,35872.815167495304,35028.16439485345,35261.68549081914,2870,34239.9046875,33981.030078125,33699.48450520833,33508.70068359375,33246.838203125,32972.468424479164,-0.5013474379535984,0.0190118630959199,-0.0157614084721903,0.0012966930859215,-0.0222795448399242,Capital Goods,1.0,1.0
623,623,2022-07-11,35734.98828125,35922.49997365875,35171.25765055817,35575.696308629515,3095,34813.025,34121.659375,33906.808333333334,33633.47314453125,33429.03640625,33127.54641927083,-0.5151770192545756,-0.0025503873500961,-0.0044575912930707,0.0052472856835141,-0.0157753131540165,Capital Goods,1.0,0.0
624,624,2022-07-12,35246.3828125,35669.154576792826,35171.25702885107,35669.154576792826,2068,35306.93828125,34217.244140625,34048.173177083336,33754.32802734375,33548.978828125,33236.118880208334,-0.5891304850264597,-0.0136730272556537,0.0119947560730371,0.0119947560730371,-0.0021314466238585,Capital Goods,1.0,0.0
625,625,2022-07-13,35396.67578125,35723.75276046399,35161.31481714208,35276.58478432467,1978,35472.46953125,34419.696484375,34193.095052083336,33862.27431640625,33665.65578125,33364.364908854164,-0.5663827127826436,0.0042640678775326,-0.0033927196346766,0.0092403303981229,-0.0066492391986874,Capital Goods,1.0,1.0
626,626,2022-07-14,35246.8828125,35595.37502766707,35171.260168720444,35405.77498478582,2113,35490.2578125,34586.878125,34336.1,33988.36591796875,33771.606953125,33485.32239583333,-0.5890548069277668,-0.0042318371836868,0.0045079779999572,0.009887178307963,-0.0021455129573255,Capital Goods,1.0,0.0
627,627,2022-07-15,35379.3359375,35798.23377756828,35173.68911013288,35287.61991347104,1548,35400.853125,34820.37890625,34454.304427083334,34124.82666015625,33887.131171875,33605.84069010417,-0.5690072055959068,0.0037578677724382,-0.0025923613770191,0.0118401837956567,-0.0058126254187023,Capital Goods,1.0,1.0
628,628,2022-07-18,35893.484375,36762.18205944138,35398.71544382659,35449.4954125831,4323,35432.55234375,35122.788671875,34558.623697916664,34288.2443359375,33993.288984375,33762.955729166664,-0.4911876532040796,0.0145324501965858,-0.0123696255782328,0.0242020996168996,-0.013784366154154,Capital Goods,1.0,1.0
629,629,2022-07-19,36530.19921875,36866.5184741573,35574.94819419003,35871.81807004325,6014,35689.315625,35498.126953125,34707.93463541667,34458.4587890625,34141.325546875,33905.70162760417,-0.3948169156350148,0.0177390090384614,-0.0180229279551483,0.0092066088496631,-0.0261496253781629,Capital Goods,1.0,1.0
630,630,2022-07-20,37389.55859375,37611.79955018227,36717.9603508325,36866.46904458564,5454,36087.8921875,35780.180859375,34975.76171875,34666.7943359375,34307.397890625,34069.36184895833,-0.2647475484472162,0.0235246287558955,-0.0139902574097732,0.0059439310008175,-0.0179621869895453,Capital Goods,1.0,1.0
631,631,2022-07-21,38106.26953125,38197.93897656142,37535.53252151424,37735.962391460685,6522,36659.76953125,36075.013671875,35277.84192708333,34917.0173828125,34522.646640625,34252.9673828125,-0.1562689063224371,0.0191687456192597,-0.0097177484005783,0.0024056263297105,-0.0149775093903568,Capital Goods,1.0,1.0
632,632,2022-07-22,39064.74609375,39201.73011781703,38158.33806144928,38158.33806144928,4363,37396.8515625,36398.85234375,35679.203125,35189.9412109375,34779.231640625,34472.0845703125,-0.0111975385390677,0.0251527261600345,-0.0232027114709888,0.0035065893872261,-0.0232027114709888,Capital Goods,1.0,1.0
633,633,2022-07-25,38647.140625,39259.36488459699,38357.07918764412,39259.36488459699,3103,37947.5828125,36690.067578125,36064.38671875,35405.8634765625,35020.11203125,34652.33795572917,-0.0744047142965633,-0.010690085320094,0.0158413856677652,0.0158413856677652,-0.0075053789922104,Capital Goods,1.0,0.0
634,634,2022-07-26,38940.78515625,39372.104378589196,38357.083321786915,38655.4942567093,7741,38429.7,37059.5078125,36475.31796875,35638.3759765625,35252.70703125,34856.05462239583,-0.0299597946634409,0.0075980920321967,-0.0073262749684159,0.0110762846873406,-0.0149894726601166,Capital Goods,1.0,1.0
635,635,2022-07-27,39693.4140625,40026.50375435085,38943.313047098214,38943.313047098214,5615,38890.47109375,37489.181640625,36816.94427083333,35954.4390625,35511.5296875,35071.243424479166,0.0839552546291584,0.0193275226277558,-0.0188973670599535,0.0083915606585611,-0.0188973670599535,Capital Goods,1.0,1.0
636,636,2022-07-28,39386.7578125,40741.975823670495,38807.9741054554,39794.32895574596,9194,39146.56875,37903.169140625,37098.86536458333,36245.0236328125,35762.92765625,35293.30032552083,0.0375409307245832,-0.0077256204144382,0.0103479231569705,0.0344079606049827,-0.0146948806956868,Capital Goods,1.0,0.0
637,637,2022-07-29,39929.87109375,40334.507718026915,39549.529823898316,39748.17025645251,3359,39319.59375,38358.22265625,37372.4328125,36589.30078125,36015.87171875,35535.958658854164,0.1197444917242829,0.0137892355556525,-0.0045504989703292,0.0101336822081614,-0.009525231598136,Capital Goods,1.0,1.0
638,638,2022-08-01,40470.6953125,40683.992916383584,39947.062310383684,40165.5768747699,3992,39684.3046875,38815.94375,37688.14661458333,36969.3662109375,36261.55171875,35797.47747395833,0.2016015889284044,0.0135443517330726,-0.0075392437756279,0.0052704210351854,-0.0129385719240308,Capital Goods,1.0,1.0
639,639,2022-08-02,41133.890625,41238.82760405195,40349.60762050607,40642.553128831576,4222,40122.92578125,39276.312890625,38080.647135416664,37387.219921875,36535.2859375,36064.41015625,0.3019803095524614,0.0163870501205637,-0.0119448340213605,0.0025511075528599,-0.0190665894370144,Capital Goods,1.0,1.0
640,640,2022-08-03,40067.84765625,41703.83443563425,39784.641232409645,41338.200813188494,4319,40197.8125,39544.141796875,38392.05859375,37662.161328125,36803.11375,36292.576822916664,0.1406280995526408,-0.0259164147264516,0.0317050510882717,0.0408304132884727,-0.0070681716240422,Capital Goods,1.0,0.0
641,641,2022-08-04,41092.65625,41189.146732648536,39735.353688743475,40459.61844035102,4277,40538.9921875,39842.78046875,38781.77682291667,37958.8970703125,37103.81734375,36558.93841145833,0.2957392313508832,0.0255768316417202,-0.0154051323866166,0.0023481198699228,-0.0330302950726512,Capital Goods,1.0,1.0
642,642,2022-08-05,40208.80078125,41409.79625713621,39897.324191016145,41092.65243335249,3264,40594.778125,39957.1859375,39103.74114583333,38178.019140625,37390.39625,36779.022786458336,0.1619622285622798,-0.0215088424406733,0.0219815471968674,0.029868970288869,-0.007746477989443,Capital Goods,1.0,0.0
643,643,2022-08-08,40357.9921875,40831.751457891995,40158.01029165178,40298.43527973732,1945,40572.2375,40128.27109375,39401.375,38409.1693359375,37689.94046875,36979.999348958336,0.184543272494913,0.0037104167085622,-0.0014757153300882,0.0117389207121838,-0.0049551993300143,Capital Goods,1.0,1.0
644,644,2022-08-10,40524.36328125,40730.8186774149,40295.10282879388,40390.310632037654,1911,40450.33203125,40286.62890625,39667.652604166666,38673.068359375,37999.84234375,37187.793619791664,0.2097245685998219,0.0041223828226402,-0.0033079520159757,0.0050945993828956,-0.0056573486636912,Capital Goods,1.0,1.0
645,645,2022-08-11,40418.59375,41337.28108795285,40168.516215844225,40633.611722570706,2888,40520.48125,40359.146875,39869.58828125,38924.1642578125,38233.8253125,37422.675,0.1937156945505481,-0.0026100232720729,0.0053197786617873,0.0227293246181492,-0.0061871903733853,Capital Goods,1.0,0.0
646,646,2022-08-12,39726.02734375,40672.60049334922,39598.9500491662,40633.611708830045,2714,40247.15546875,40393.073828125,39977.57213541667,39148.121484375,38416.54875,37627.70703125,0.0888914768634306,-0.0171348466632389,0.0228460892207191,0.0238275310392481,-0.0031988422472803,Capital Goods,1.0,0.0
647,647,2022-08-16,42330.015625,44166.293180978355,39737.977342668826,39936.46534124423,51179,40671.3984375,40633.08828125,40195.25677083333,39495.65546875,38676.695,37937.22994791667,0.483021241150497,0.0655486706163101,-0.0565449893749188,0.0433800349200403,-0.061234049741298,Capital Goods,1.0,1.0
648,648,2022-08-17,43354.421875,43640.60159106242,42530.845032191246,42721.66522567241,13189,41270.684375,40921.4609375,40509.075520833336,39868.70234375,38981.47234375,38286.731119791664,0.6380714757286975,0.0242004694511614,-0.0145949737526649,0.0066009348916595,-0.0189963746992937,Capital Goods,1.0,1.0
649,649,2022-08-18,42843.1171875,43713.50236121789,42625.50825053067,43354.4219391068,9969,41734.43515625,41092.38359375,40769.23098958333,40184.3482421875,39285.34171875,38622.27447916667,0.5606823425231859,-0.0117935994850582,0.0119343499066399,0.0203156359960623,-0.0050792041115257,Capital Goods,1.0,0.0
650,650,2022-08-19,41665.78515625,43521.78675342326,41513.210700203585,43521.78675342326,6013,41983.8734375,41252.17734375,40900.722395833334,40398.1595703125,39536.10609375,38858.833333333336,0.3824858432127398,-0.0274800740127635,0.0445449807369069,0.0445449807369069,-0.003661864416433,Capital Goods,1.0,0.0
651,651,2022-08-22,41541.59375,42326.679743158835,40853.812436412474,41828.71880500403,4979,42346.98671875,41297.07109375,41044.378125,40569.92578125,39787.89453125,39071.621744791664,0.3636887042147504,-0.0029806568095206,0.0069117486616416,0.018898793288566,-0.0165564498494361,Capital Goods,1.0,0.0
652,652,2022-08-23,42213.890625,42615.4961124349,41285.99101213252,41387.52446703569,5376,42323.76171875,41497.580078125,41196.64609375,40727.3830078125,40061.27671875,39284.539453125,0.4654450027290762,0.0161837044347871,-0.0195756928757216,0.0095135862032356,-0.0219809072115697,Capital Goods,1.0,1.0
653,653,2022-08-24,43109.17578125,43320.61077854903,42177.292438078795,42422.28922532242,5651,42274.7125,41772.6984375,41372.54479166667,40950.484765625,40349.904375,39530.345703125,0.6009519595549873,0.0212083070997439,-0.0159336508638686,0.0049046402179415,-0.0216168211589078,Capital Goods,1.0,1.0
654,654,2022-08-25,42679.8828125,43460.03978747201,42228.084399573774,43372.398660442865,6565,42242.065625,41988.250390625,41475.6109375,41137.4396484375,40595.89171875,39778.12903645833,0.5359758082405457,-0.0099582736382707,0.0162258141847577,0.0182792670354641,-0.0105857463318503,Capital Goods,1.0,0.0
655,655,2022-08-26,42579.49609375,43225.849391872085,41849.73433843574,43023.82508301061,3632,42424.8078125,42204.340625,41643.05416666667,41281.74375,40803.48921875,40017.556380208334,0.5207816562225125,-0.0023520851542872,0.0104352805933236,0.0151799189144692,-0.0171388067558972,Capital Goods,1.0,0.0
656,656,2022-08-29,42593.734375,42874.487084388966,41883.99221036099,41883.99221036099,3558,42635.2359375,42491.111328125,41743.12604166667,41442.092578125,40982.9878125,40262.451432291666,0.5229367083298214,0.0003343929016597,-0.0166630650036542,0.0065914086545497,-0.0166630650036542,Capital Goods,1.0,1.0
657,657,2022-08-30,43023.92578125,43819.515630114154,42575.65979300902,42804.721822304746,4901,42797.24296875,42560.50234375,41930.801041666666,41596.7953125,41141.355,40517.27109375,0.5880488437278517,0.0100998753117664,-0.0050949315982872,0.0184918004207528,-0.0104189931555789,Capital Goods,1.0,1.0
658,658,2022-09-01,42763.890625,43599.021715451185,42595.77822958349,43123.41843225273,6338,42728.1859375,42501.44921875,42091.19427083333,41711.455078125,41306.025,40746.28463541667,0.5486909112912411,-0.0060439662705843,0.0084072754372481,0.0195288847260066,-0.0039311763490066,Capital Goods,1.0,0.0
659,659,2022-09-02,42030.34375,43123.418618235926,41872.49012757528,43123.418618235926,15240,42598.278125,42420.171875,42191.59296875,41756.277734375,41429.60734375,40929.622786458334,0.4376640456870379,-0.017153417621248,0.0260068029597289,0.0260068029597289,-0.0037557061955916,Capital Goods,1.0,0.0
660,660,2022-09-05,41782.95703125,42691.136635398136,41513.06220239287,42412.97487689212,3718,42438.9703125,42431.8890625,42282.550520833334,41842.033203125,41513.1890625,41076.06940104167,0.4002205326532987,-0.0058859075771893,0.0150783451054199,0.0217356469880505,-0.0064594477756868,Capital Goods,1.0,0.0
661,661,2022-09-06,41674.40234375,42325.68469006705,41355.65676263051,42027.90404293817,5663,42255.10390625,42445.169921875,42412.4421875,41871.1205078125,41604.69484375,41195.007161458336,0.3837901079448998,-0.0025980613918447,0.0084824659576956,0.01562787489896,-0.0076484739598741,Capital Goods,1.0,0.0
662,662,2022-09-07,41447.67578125,42037.66220994705,41232.261000795595,41573.7610415716,5121,41939.85390625,42368.5484375,42353.61953125,41933.0642578125,41665.40703125,41274.438151041664,0.3494736375985562,-0.0054404274506411,0.0030420345156876,0.0142344876419813,-0.0051972704474747,Capital Goods,1.0,0.0
663,663,2022-09-08,41086.65625,41895.395395420725,41031.981694598006,41729.12701465186,2014,41604.40703125,42166.296484375,42202.43515625,41969.4974609375,41690.04546875,41355.75533854167,0.2948310941665687,-0.0087102479076358,0.0156369688675226,0.01968374210108,-0.0013307131899299,Capital Goods,1.0,0.0
664,664,2022-09-09,41509.82421875,41756.960669205786,40982.184045610375,40982.184045610375,2314,41500.303125,42049.290625,42113.54895833333,42018.7705078125,41705.0828125,41441.389973958336,0.3588801887720225,0.0102994014936418,-0.012711211937662,0.0059536857866084,-0.012711211937662,Capital Goods,1.0,1.0
665,665,2022-09-12,41341.46484375,42126.50027826,41231.51662256124,41460.22852984618,4770,41412.0046875,41925.4875,42091.92760416667,42064.9140625,41756.0275,41496.325,0.3333979539777802,-0.0040558922657145,0.0028727498298632,0.0189890570514865,-0.0026595144028956,Capital Goods,1.0,0.0
666,666,2022-09-13,41300.08203125,41827.72221090295,41131.57283055053,41360.63485842043,4898,41337.140625,41796.122265625,42075.826822916664,42143.616796875,41764.32453125,41560.10247395833,0.3271344088406526,-0.0010010001497626,0.0014661672372615,0.0127757658992955,-0.004080117820879,Capital Goods,1.0,0.0
667,667,2022-09-14,42442.5546875,43520.58949054647,40933.382991563725,41031.979252388635,4715,41536.11640625,41737.98515625,42091.07109375,42149.24375,41853.6746875,41643.85859375,0.5000547257078547,0.0276627212358934,-0.0332349323808918,0.0253998566058033,-0.0355579843637628,Capital Goods,1.0,1.0
668,668,2022-09-15,41718.5703125,42969.000863004185,41623.911045822126,42649.36049936561,4602,41662.49921875,41633.453125,41998.3640625,42067.451171875,41908.0978125,41685.454427083336,0.3904752037411527,-0.0170579829685234,0.0223111717370314,0.0299729962253649,-0.0022689959403885,Capital Goods,1.0,0.0
669,669,2022-09-16,40248.4375,41920.691384417456,39960.36711350857,41920.691384417456,4593,41410.221875,41455.2625,41836.26770833333,41937.7171875,41897.06078125,41655.93932291667,0.1679614915891284,-0.035239290356494,0.0415482932577806,0.0415482932577806,-0.0071573060815449,Capital Goods,1.0,0.0
670,670,2022-09-19,40404.05078125,40812.82611931183,39956.383917567386,40702.329370066334,1813,41222.7390625,41317.371875,41691.238020833334,41874.63046875,41896.4790625,41667.14609375,0.1915145261018483,0.0038663185682674,0.0073823931771404,0.010117187018573,-0.0110797520304661,Capital Goods,1.0,1.0
671,671,2022-09-20,40544.27734375,41382.04601093838,40350.91678583527,40564.89214761274,9398,41071.578125,41204.359375,41554.60755208333,41824.7646484375,41929.2090625,41648.866796875,0.2127386853743241,0.0034706065304985,0.000508451629017,0.0206630558509022,-0.0047691208373341,Capital Goods,1.0,1.0
672,672,2022-09-21,41147.65625,42177.24106820263,40434.42835135399,40732.20899364598,3848,40812.5984375,41174.357421875,41429.52291666667,41771.4529296875,41881.9146875,41680.16197916667,0.3040638222070997,0.0148819746159074,-0.0100964986639796,0.0250217123412133,-0.0173333784629837,Capital Goods,1.0,1.0
673,673,2022-09-22,40646.7578125,41640.438861369854,40534.02023453082,41147.655940503784,7537,40598.2359375,41130.367578125,41288.38072916667,41648.33203125,41773.608125,41689.7875,0.2282497394306337,-0.0121731948584556,0.0123232000523727,0.0244467480888295,-0.0027735933697153,Capital Goods,1.0,0.0
674,674,2022-09-23,40003.890625,40838.57431092148,39845.93974861411,40723.245778854296,4146,40549.3265625,40979.77421875,41153.283854166664,41514.532421875,41660.0390625,41672.43841145833,0.130947806506559,-0.0158159524177916,0.0179821298032631,0.0208650626946733,-0.0039483878672336,Capital Goods,1.0,0.0
675,675,2022-09-26,39553.93359375,40275.082207908315,39015.73894747558,39936.46875709999,5351,40379.303125,40801.02109375,41004.682291666664,41363.254296875,41575.565,41643.61640625,0.0628440212695759,-0.0112478317538645,0.0096712293467173,0.0182320327875624,-0.013606602362286,Capital Goods,1.0,0.0
676,676,2022-09-27,39363.16796875,40171.95382319844,38998.3104183991,39985.26903795663,3215,40143.08125,40607.3296875,40850.6,41201.7259765625,41488.42796875,41631.52109375,0.0339704616776591,-0.0048229242370509,0.0158041413155696,0.0205467673509034,-0.0092690088013381,Capital Goods,1.0,0.0
677,677,2022-09-28,39073.94921875,39826.91674869829,39014.24447895741,39279.15970414255,4460,39728.33984375,40270.469140625,40692.3515625,41004.2271484375,41362.8303125,41522.985546875,-0.009804588535002,-0.0073474459735966,0.0052518491090753,0.0192703206356978,-0.0015279934838002,Capital Goods,1.0,0.0
678,678,2022-09-29,38760.1796875,39636.69202662829,38571.3046727881,39438.50358688611,8651,39351.02421875,39974.630078125,40537.253125,40804.0416015625,41188.87046875,41369.844140625,-0.0572955516405126,-0.0080301463641006,0.0175005354684891,0.022613732603798,-0.0048729138057327,Capital Goods,1.0,0.0
679,679,2022-09-30,39841.0078125,40310.78728843777,38358.67920177614,38915.049419171264,3315,39318.44765625,39933.887109375,40425.998697916664,40694.5748046875,41075.31546875,41269.773828125,0.1062944833870621,0.0278850132717151,-0.0232413396188793,0.0117913552324944,-0.0372061022577542,Capital Goods,1.0,1.0
680,680,2022-10-03,39244.99609375,39891.201529526654,38869.685286159176,39891.201529526654,1795,39256.66015625,39817.981640625,40286.234114583334,40567.6767578125,40941.93546875,41189.080859375,0.0160844160397144,-0.0149597550733393,0.0164659319683195,0.0164659319683195,-0.0095632779958562,Capital Goods,1.0,0.0
681,681,2022-10-04,39616.67578125,40134.65631324633,39347.02992907472,39707.405821710985,1646,39307.36171875,39725.221484375,40174.00703125,40464.7904296875,40822.853125,41124.91692708333,0.0723404401852399,0.00947075358632,0.0022901982226364,0.0130748105887641,-0.0068063724898114,Capital Goods,1.0,1.0
682,682,2022-10-06,39819.9453125,40361.12771662545,39538.099414907585,40230.265135143374,5316,39456.5609375,39592.450390625,39999.16640625,40383.40390625,40694.69390625,41045.11875,0.1031065434796247,0.0051309083168003,0.0103043793612285,0.0135907370007253,-0.0070780081534652,Capital Goods,1.0,1.0
683,683,2022-10-07,39354.15234375,39819.94422542217,39280.15457056439,39819.94422542217,2468,39575.35546875,39463.18984375,39841.53854166667,40296.7787109375,40558.304375,40919.95130208333,0.0326058909606031,-0.0116974788662952,0.0118359017773672,0.0118359017773672,-0.0018803040792051,Capital Goods,1.0,0.0
684,684,2022-10-10,38484.71484375,39368.743390395524,38342.99437478904,39367.798042624316,5988,39304.096875,39311.272265625,39723.95703125,40145.5232421875,40416.47921875,40780.11236979167,-0.0989888629039736,-0.0220926496499188,0.0229463360313226,0.0229709002713083,-0.0036825131623385,Capital Goods,1.0,0.0
685,685,2022-10-11,38731.6015625,39288.12350496806,38432.62658259316,38687.283037417714,6645,39201.41796875,39229.0390625,39612.46041666667,40015.030078125,40294.425,40651.84921875,-0.0616210279689274,0.0064151889848313,-0.0011442471597972,0.0143686788053425,-0.0077191483916406,Capital Goods,1.0,1.0
686,686,2022-10-12,38575.98828125,38937.41067277215,37670.89368091629,38691.565795751485,3446,38993.28046875,39150.32109375,39481.24114583333,39878.825390625,40170.4884375,40517.92434895833,-0.0851740624816473,-0.0040177342266338,0.0029960998966205,0.0093691025849316,-0.0234626419350514,Capital Goods,1.0,0.0
687,687,2022-10-13,38187.03125,38680.61171302508,38095.00962009635,38680.61171302508,4891,38666.69765625,39061.629296875,39283.86614583333,39666.04921875,40040.06265625,40356.69453125,-0.1440451196780993,-0.0100828792360208,0.0129253426325222,0.0129253426325222,-0.0024097612956924,Capital Goods,1.0,0.0
688,688,2022-10-14,38128.5703125,38641.3222578429,38007.76420820164,38388.007966943995,2723,38421.58125,38998.468359375,39115.986979166664,39486.54921875,39921.73921875,40202.183854166666,-0.1528935448737056,-0.0015309107722271,0.0068042848792297,0.0134479719837488,-0.0031683879911635,Capital Goods,1.0,0.0
689,689,2022-10-17,38291.80078125,38611.339959138815,37645.7937663319,37944.62088287102,2566,38382.9984375,38843.54765625,39001.84765625,39388.7173828125,39793.01828125,40077.565755208336,-0.1281876018262114,0.0042810540078521,-0.0090666902912797,0.0083448459296613,-0.016870635533924,Capital Goods,1.0,1.0
690,690,2022-10-18,39709.54296875,39936.41473929281,38289.21060949696,38289.21060949696,4609,38578.58671875,38890.00234375,39012.22161458333,39353.9919921875,39727.74140625,40008.451953125,0.0863964645471498,0.0370246935002913,-0.0357680359194966,0.0057132808282722,-0.0357680359194966,Capital Goods,1.0,1.0
691,691,2022-10-19,39410.62109375,40932.38974408989,39159.699351229465,39836.875663347826,4960,38745.51328125,38869.396875,39015.38515625,39297.3091796875,39652.16296875,39932.992578125,0.04115278623173,-0.007527708773562,0.0108157282927323,0.0386131608207824,-0.0063668558260892,Capital Goods,1.0,0.0
692,692,2022-10-20,38651.23046875,39603.33179260434,38492.380927793136,39254.26117125398,2607,38838.353125,38752.525390625,38987.20390625,39172.487890625,39500.51,39839.777734375,-0.0737856910986614,-0.0192686794555599,0.0156018500624848,0.024633143946714,-0.004109818472281,Capital Goods,1.0,0.0
693,693,2022-10-21,37652.96484375,38885.27028882187,37548.44362468728,38805.64711576359,3383,38743.23203125,38582.406640625,38913.38958333333,39022.7982421875,39337.88578125,39725.32135416667,-0.2248793800795749,-0.0258275250979942,0.0306133202736336,0.0327279790631525,-0.0027759094004006,Capital Goods,1.0,0.0
694,694,2022-10-24,37803.94921875,38342.99192997333,37596.35008336453,38317.09796139724,1071,38645.66171875,38514.330078125,38777.585677083334,38912.801171875,39240.10625,39601.7921875,-0.2020269592149101,0.0040098933942266,0.0135739454012577,0.0142588994632331,-0.0054914668883986,Capital Goods,1.0,1.0
695,695,2022-10-25,37935.85546875,38342.98907627838,37230.39660002789,37789.25655870927,2913,38290.92421875,38434.75546875,38690.30963541667,38831.897265625,39141.3784375,39488.271875,-0.1820621308034954,0.0034892187913155,-0.0038643891966926,0.0107321583366892,-0.0185960975442676,Capital Goods,1.0,1.0
696,696,2022-10-27,38245.14453125,38342.99385973621,37402.34560777463,38218.50361993187,2210,38057.82890625,38401.67109375,38598.87421875,38775.99609375,39049.413125,39386.440625,-0.1352493144104905,0.0081529481457134,-0.0006965828380217,0.002558477152734,-0.0220367561374156,Capital Goods,1.0,1.0
697,697,2022-10-28,39386.71875,41081.77780007839,38143.80823619399,38238.42081536993,25962,38204.9265625,38521.63984375,38569.992447916666,38791.6345703125,38978.975625,39284.579427083336,0.0375350183731228,0.0298488666402403,-0.0291544452311115,0.043036310306463,-0.0315565894609083,Capital Goods,1.0,1.0
698,698,2022-10-31,39172.4453125,40932.3870095072,38940.54335940952,39561.00265641495,8424,38508.82265625,38626.02734375,38557.878645833334,38812.2478515625,38920.003125,39199.70859375,0.0051034056723487,-0.005440245958544,0.0099191495658548,0.0449280529455637,-0.0059200274897436,Capital Goods,1.0,0.0
699,699,2022-11-01,40699.83984375,40832.79540929,39134.250712447465,39289.36553891081,8848,39088.00078125,38866.83125,38705.55364583333,38855.189453125,38947.84109375,39214.75533854167,0.2362840338301455,0.0389915543710671,-0.0346555246962669,0.0032667343667796,-0.0384667147908434,Capital Goods,1.0,1.0
700,700,2022-11-02,40190.375,40897.47950149053,39841.05541704535,40897.47950149053,3766,39538.9046875,38914.914453125,38802.80520833333,38902.4583984375,38973.29875,39207.6328125,0.159173372378418,-0.0125176129858465,0.0175938766804373,0.0175938766804373,-0.008691622881216,Capital Goods,1.0,0.0
701,701,2022-11-03,40118.07421875,40678.57592546638,39821.787467427646,40085.85459067159,3307,39913.490625,38985.659765625,38905.6109375,38927.5283203125,39003.495,39193.426041666666,0.1482302010603988,-0.0017989576173399,-0.0008031200077732,0.0139713014054503,-0.0073853682434207,Capital Goods,1.0,0.0
702,702,2022-11-04,40231.01171875,41024.065098427775,40057.47232928472,40146.05880340402,5357,40082.34921875,39143.637890625,39041.876302083336,38948.081640625,39049.7775,39162.87122395833,0.1653239916026524,0.0028151276500509,-0.0021116276155289,0.019712489092293,-0.004313572591176,Capital Goods,1.0,1.0
703,703,2022-11-07,40038.40234375,40767.16819391405,39856.79442919714,40524.06210204977,5145,40255.540625,39382.181640625,39169.1984375,38982.294140625,39100.90640625,39142.59270833333,0.1361713690218056,-0.0047875846709127,0.0121298485921126,0.0182016715828774,-0.0045358431885883,Capital Goods,1.0,0.0
704,704,2022-11-09,38438.3515625,40592.97795680322,38264.31421549815,40592.97795680322,14152,39803.24296875,39445.621875,39178.968489583334,38979.9759765625,39044.80015625,39090.40807291667,-0.1060062328522999,-0.0399629028029828,0.056054078978903,0.056054078978903,-0.0045277005887953,Capital Goods,1.0,0.0
705,705,2022-11-10,37725.66796875,38865.74952039655,37347.06982899808,38560.79902428346,7579,39310.3015625,39424.603125,39046.71015625,38929.679296875,38984.02703125,39029.46588541667,-0.2138753115415137,-0.018540951023646,0.0221369454935891,0.0302203145240778,-0.0100355582852909,Capital Goods,1.0,0.0
706,706,2022-11-11,38522.85546875,38641.76697904735,37783.83089721179,38567.372396458326,21313,38991.2578125,39452.37421875,38987.52578125,38927.02265625,38940.27421875,39001.45546875,-0.0932160429380576,0.0211311699148799,0.0011555978176238,0.003086778195708,-0.0191840548304554,Capital Goods,1.0,1.0
707,707,2022-11-14,38715.3671875,39040.13887853333,38059.65375797425,38641.770114466664,3929,38688.12890625,39385.2390625,38991.8015625,38953.439453125,38896.09109375,38989.502734375,-0.0640782012358617,0.0049973377208801,-0.0019009783034448,0.0083887023326021,-0.0169367741328683,Capital Goods,1.0,1.0
708,708,2022-11-15,39191.21875,39284.13904061283,38591.973325484774,38828.0068139529,2157,38518.6921875,39387.11640625,39094.351822916666,39006.571875,38889.57375,39003.870703125,0.0079448817842078,0.0122910254265556,-0.0092676866816523,0.0023709466961352,-0.0152902982767083,Capital Goods,1.0,1.0
709,709,2022-11-16,39885.1796875,40219.362071470365,39029.33261494931,39029.33261494931,5796,38808.0578125,39305.650390625,39233.10052083333,39086.2408203125,38945.59234375,39005.343098958336,0.112980170418461,0.0177070517231618,-0.0214577715145386,0.0083786104660599,-0.0214577715145386,Capital Goods,1.0,1.0
710,710,2022-11-17,40043.97265625,40534.01674983618,39648.891261226425,39936.463677357024,5040,39271.71875,39291.01015625,39373.64166666667,39102.9623046875,38998.0871875,39031.97565104167,0.1370144703400559,0.0039812524349681,-0.0026847730572555,0.0122376492910147,-0.0098661888123607,Capital Goods,1.0,1.0
711,711,2022-11-18,40853.1640625,40932.3904283639,40044.028086220336,40135.65290177774,6398,39737.78046875,39364.519140625,39547.50963541667,39175.089453125,39089.17421875,39073.19192708333,0.2594906045472872,0.0202075706423124,-0.0175631723316352,0.001939295711409,-0.0198059561565853,Capital Goods,1.0,1.0
712,712,2022-11-21,40432.9375,41321.40103240181,40334.94033573198,40724.09683974383,4593,40081.29453125,39384.71171875,39617.257552083334,39264.1748046875,39179.01046875,39093.625,0.1958867100068001,-0.0102862672241765,0.007201043449881,0.0219737567274653,-0.002423696380408,Capital Goods,1.0,0.0
713,713,2022-11-22,40723.1953125,40832.79729403247,40089.94071597459,40534.02072846638,3099,40387.68984375,39453.191015625,39720.640885416666,39417.686328125,39282.79546875,39139.259765625,0.2398190287683074,0.0071787465973749,-0.0046453767338722,0.0026913895309885,-0.0155502187798861,Capital Goods,1.0,1.0
714,714,2022-11-23,40576.84375,40930.14702468062,40297.13754357176,40723.19368712793,4141,40526.02265625,39667.040234375,39712.441145833334,39556.3310546875,39374.1971875,39208.997395833336,0.2176678127868438,-0.00359381333849,0.0036067353594482,0.0087070171563212,-0.0068932469994845,Capital Goods,1.0,0.0
715,715,2022-11-24,42143.87890625,42332.55553392759,40434.42952287226,40703.32843841846,12642,40946.00390625,40108.861328125,39842.67473958333,39766.7322265625,39471.570625,39322.739973958334,0.4548482952066353,0.0386189513877604,-0.0341817247300866,0.0044769639761281,-0.0405622222667364,Capital Goods,1.0,1.0
716,716,2022-11-25,42223.65234375,42550.7621055,41614.743375238555,42033.87865242207,5382,41220.1015625,40478.941015625,39983.046614583334,39965.6576171875,39584.091875,39444.328776041664,0.4669224993590254,0.001892883132031,-0.0044944878236242,0.0077470740590355,-0.0144210397422329,Capital Goods,1.0,1.0
717,717,2022-11-28,41143.22265625,42355.858619909384,40943.34192512241,42355.858619909384,5235,41362.15859375,40721.7265625,40043.860677083336,40053.4828125,39683.7715625,39542.868489583336,0.3033927703163465,-0.0255882574701031,0.0294735289403775,0.0294735289403775,-0.0048581690549032,Capital Goods,1.0,0.0
718,718,2022-11-29,40860.484375,42017.44604177979,40733.204781018816,40898.527812648375,7382,41389.61640625,40888.653125,40098.66614583333,40137.884765625,39812.07234375,39633.932291666664,0.2605985792109626,-0.0068720499512706,0.0009310569424294,0.0283149278447532,-0.0031149800578247,Capital Goods,1.0,0.0
719,719,2022-11-30,41545.48046875,41725.14322035914,40713.286586983995,41203.67696616503,5314,41583.34375,41054.683203125,40305.80807291667,40180.166796875,39961.73359375,39742.38828125,0.3642769831850583,0.0167642675858513,-0.0082272126529399,0.0043244836642166,-0.0200309124452651,Capital Goods,1.0,1.0
720,720,2022-12-01,41847.94140625,43272.80607470098,41573.96173847302,41725.14345927899,11048,41524.15625,41235.080078125,40580.626302083336,40263.0451171875,40118.21703125,39813.668229166666,0.4100563205427886,0.0072802368413456,-0.0029343844128177,0.0340486203280283,-0.0065470285650911,Capital Goods,1.0,1.0
721,721,2022-12-02,42196.26171875,42476.014598896734,41888.52187962989,42027.90035879853,4912,41518.678125,41369.38984375,40825.52005208333,40366.9544921875,40276.26171875,39906.52291666667,0.4627767585150062,0.0083234754397734,-0.0039899591360402,0.0066298024695023,-0.0072930593039565,Capital Goods,1.0,1.0
722,722,2022-12-05,42155.4296875,42789.53233698915,41899.975738752764,42215.13442299318,4091,41721.11953125,41541.6390625,41054.85755208333,40463.175390625,40387.01015625,40023.32955729167,0.45659657753347,-0.0009676693997718,0.0014163000101237,0.0150420160389723,-0.0060598112898131,Capital Goods,1.0,0.0
723,723,2022-12-06,41066.5390625,42255.17182325036,40900.6208119068,41933.29065051876,3985,41762.33046875,41575.9734375,41179.87890625,40514.5822265625,40462.77390625,40137.11536458333,0.2917862331644725,-0.0258303766103676,0.0211060295755536,0.0289440695000218,-0.0040402296950489,Capital Goods,1.0,0.0
724,724,2022-12-07,40925.1171875,41618.57835243126,40758.101870665705,41133.564409584236,3867,41638.2578125,41610.80078125,41249.20807291667,40638.9205078125,40471.785,40241.154296875,0.270381155937309,-0.0034437251891318,0.0050933811900704,0.0169446348010229,-0.0040809978886342,Capital Goods,1.0,0.0
725,725,2022-12-08,41506.1875,41649.45241648448,40735.1961439275,41129.77960898671,3390,41569.90703125,41547.031640625,41346.6890625,40827.946484375,40524.4175,40360.165364583336,0.358329748851061,0.0141983787080634,-0.0090687175499626,0.0034516520334342,-0.0185753354502266,Capital Goods,1.0,1.0
726,726,2022-12-09,41369.453125,42713.0996377074,41207.91147606154,41713.742557362115,9566,41404.5453125,41461.61171875,41381.10833333333,40970.2763671875,40574.47265625,40464.308984375,0.3376341537991432,-0.0032943130466993,0.0083223104574727,0.0324791944589526,-0.0039048533818021,Capital Goods,1.0,0.0
727,727,2022-12-12,43214.44140625,43619.98389207471,41081.82650666997,41330.80696686702,20622,41616.34765625,41668.73359375,41566.54192708333,41195.230078125,40693.80984375,40591.899739583336,0.616884564270422,0.0445978407226044,-0.0435880779222696,0.0093844204073423,-0.0493495884751062,Capital Goods,1.0,1.0
728,728,2022-12-13,42747.45703125,43893.31573201896,42637.55549531197,43253.88330885243,9438,41952.53125,41857.430859375,41701.49270833333,41373.0419921875,40802.17203125,40711.066796875,0.5462035850318588,-0.0108062110674988,0.0118469334265245,0.0268053068029587,-0.0025709490942978,Capital Goods,1.0,0.0
729,729,2022-12-14,42263.2890625,43271.60934493789,41919.74271371891,42961.227971282024,5642,42220.165625,41929.21171875,41813.92239583333,41491.9474609375,40955.16953125,40763.18177083333,0.4729217623858741,-0.0113262402578954,0.0165140698763386,0.0238580646420292,-0.0081287177690559,Capital Goods,1.0,0.0
730,730,2022-12-15,41565.89453125,42571.07531925787,41380.55192306721,42290.97230533819,4964,42232.10703125,41901.00703125,41775.39010416667,41568.0435546875,41108.77859375,40809.032421875,0.3673667780582534,-0.0165011892524189,0.0174440555716433,0.0241828258321772,-0.0044590068437826,Capital Goods,1.0,0.0
731,731,2022-12-16,41218.765625,41719.06462589226,40145.609270903755,41628.8870157595,8126,42201.96953125,41803.257421875,41708.39765625,41586.3236328125,41216.615,40845.72213541667,0.3148266668055774,-0.008351291609736,0.0099498707576715,0.0121376512204143,-0.0260356257113472,Capital Goods,1.0,0.0
732,732,2022-12-19,40985.37109375,41628.339808700155,40698.448337395595,41218.21840485708,3641,41756.15546875,41686.2515625,41697.87421875,41613.9453125,41307.41515625,40870.867447916666,0.2795009580649468,-0.0056623367466502,0.0056812297874395,0.0156877612131272,-0.007000613845806,Capital Goods,1.0,0.0
733,733,2022-12-20,40180.91796875,41310.69414922175,40036.06190095595,41032.979760728515,8774,41242.84765625,41597.689453125,41652.56979166667,41586.8314453125,41347.003125,40875.61796875,0.1577419920898598,-0.0196278111807233,0.0212056327991607,0.0281172317006399,-0.0036050960285851,Capital Goods,1.0,0.0
734,734,2022-12-21,41323.140625,41637.64964131603,40046.01865065117,40324.87677604739,7582,41054.81796875,41637.491796875,41637.74713541667,41624.1462890625,41404.5215625,40971.777604166666,0.3306244699077155,0.0284269925624482,-0.0241575019191224,0.0076109659517444,-0.0309057335679899,Capital Goods,1.0,1.0
735,735,2022-12-22,41594.625,41754.96841595688,40936.620219537785,41430.348470846,8491,41060.5640625,41646.335546875,41620.859375,41596.68359375,41466.54765625,41100.742838541664,0.3717153125573637,0.0065697904586602,-0.0039494653252433,0.003854907117371,-0.0158194665888252,Capital Goods,1.0,1.0
736,736,2022-12-23,40422.4765625,41475.26711966809,40135.651066047845,41141.53214735574,5692,40901.30625,41551.637890625,41502.60703125,41506.6248046875,41449.32015625,41164.06354166667,0.19430338228571,-0.0281802862148655,0.0177885089188922,0.026044682233665,-0.007095693308367,Capital Goods,1.0,0.0
737,737,2022-12-26,40666.67578125,41141.633251241576,40036.008262388255,40434.377007030496,5014,40837.5671875,41296.861328125,41403.356770833336,41482.7974609375,41458.6696875,41229.107161458334,0.231264447440282,0.0060411741069953,-0.0057122636595393,0.0116792794313067,-0.015508214201086,Capital Goods,1.0,1.0
738,738,2022-12-27,42048.31640625,42177.288279501365,40932.38602804029,40981.18619629756,10974,41211.046875,41226.947265625,41468.80859375,41542.1890625,41511.67453125,41324.34375,0.4403843185939591,0.0339747618524803,-0.0253786667614074,0.0030672303738703,-0.0265392404163854,Capital Goods,1.0,1.0
739,739,2022-12-28,41067.78515625,42127.49663876985,40759.69904871139,41928.31225749907,10397,41159.97578125,41107.396875,41478.31979166667,41518.304296875,41531.3121875,41363.763932291666,0.2919748371760586,-0.0233191560044067,0.0209538230020205,0.0258039599283959,-0.0075018924533291,Capital Goods,1.0,0.0
740,740,2022-12-29,40862.02734375,41326.47316011523,40294.00176559959,41131.57203389266,5878,41013.45625,41037.01015625,41435.37578125,41469.00859375,41480.038125,41391.032421875,0.2608321170936476,-0.0050101998858023,0.0065964590517042,0.0113661961130342,-0.0139010620636103,Capital Goods,1.0,0.0
741,741,2022-12-30,41531.88671875,41729.12983964797,40783.00398409509,41117.63376037485,6362,41235.33828125,41068.322265625,41446.2046875,41435.78984375,41452.3675,41413.656510416666,0.3622194848768457,0.0163931997148559,-0.0099743351699967,0.0047491972188424,-0.018031512503303,Capital Goods,1.0,1.0
742,742,2023-01-02,40652.13671875,41515.99776545658,40543.627922174666,41515.99776545658,3452,41232.43046875,41034.998828125,41275.384375,41360.6251953125,41432.7240625,41420.963151041666,0.2290638702267282,-0.0211825194929761,0.0212500772759662,0.0212500772759662,-0.0026692027857243,Capital Goods,1.0,0.0
743,743,2023-01-03,40877.4140625,41099.7030420932,40653.530051813614,40653.530051813614,2517,40998.25,41104.6484375,41150.71484375,41351.1689453125,41433.40125,41426.103776041666,0.2631609923338917,0.0055415867881329,-0.0054769611977919,0.0054379413348732,-0.0054769611977919,Capital Goods,1.0,1.0
744,744,2023-01-04,40301.97265625,41329.764085840776,40135.653694291024,40820.84798068488,3269,40845.0875,41002.531640625,41019.96041666667,41320.01171875,41383.6609375,41416.94140625,0.1760643692655806,-0.0140772458201532,0.0128746880173968,0.0255022611016382,-0.0041268193836954,Capital Goods,1.0,0.0
745,745,2023-01-05,39710.84375,40509.125776149405,39486.36449604954,40509.125776149405,5075,40614.85078125,40814.153515625,40896.290364583336,41230.24453125,41298.17703125,41335.840234375,0.0865933458507805,-0.014667493109877,0.0201023687931436,0.0201023687931436,-0.0056528452370258,Capital Goods,1.0,0.0
746,746,2023-01-06,39683.8984375,40036.05795614762,39089.932208427716,39786.08157438162,4564,40245.253125,40740.295703125,40793.96588541667,41145.966796875,41197.6825,41251.18177083333,0.0825150058134096,-0.0006785378993615,0.0025749268823109,0.0088741160146412,-0.0149674364782419,Capital Goods,1.0,0.0
747,747,2023-01-09,40228.625,40384.68518973526,39683.50557070712,39819.94687631338,3642,40160.55078125,40696.490625,40743.51614583333,40996.6759765625,41120.6103125,41220.69518229167,0.1649627469284231,0.0137266393662889,-0.010158888693974,0.0038793319367802,-0.0135505359502811,Capital Goods,1.0,1.0
748,748,2023-01-10,39976.00390625,40344.79454907631,39687.6845277766,40006.181116672306,2285,39980.26875,40489.259375,40729.855208333334,40858.1033203125,41076.98890625,41191.2125,0.1267269787989929,-0.00627963530322,0.0007548831167085,0.0092253003499593,-0.0072123111441942,Capital Goods,1.0,0.0
749,749,2023-01-11,39757.75,40051.196825927,39496.020951771294,39976.00472395806,2054,39871.42421875,40358.255859375,40625.495833333334,40732.8263671875,41030.29421875,41131.621484375,0.093692897484406,-0.0054596228968217,0.0054896145772349,0.0073808710484621,-0.0065830950752672,Capital Goods,1.0,0.0
750,750,2023-01-12,39515.29296875,40036.05895560431,39369.837802366,39824.92352031605,3122,39832.3140625,40223.582421875,40486.873697916664,40630.2962890625,40950.6584375,41053.866536458336,0.056995523204967,-0.0060983589677484,0.0078357144362035,0.0131788466623834,-0.0036809841318659,Capital Goods,1.0,0.0
751,751,2023-01-13,39472.6171875,39818.649470281045,39311.67465387152,39538.099051798636,2713,39790.0578125,40017.65546875,40423.54973958333,40542.9888671875,40874.785,40963.078385416666,0.0505362792345007,-0.0010799813956522,0.0016589187382125,0.0087663881302155,-0.0040773210670065,Capital Goods,1.0,0.0
752,752,2023-01-16,39258.09765625,39640.03370599262,39219.754662990315,39537.10362120519,1332,39595.95234375,39878.2515625,40329.64453125,40456.6251953125,40716.53125,40866.500651041664,0.0180674187195262,-0.005434641696825,0.0071069659920408,0.0097288476147496,-0.0009766900473736,Capital Goods,1.0,0.0
753,753,2023-01-17,39158.90234375,39637.691799341286,39039.7885278431,39324.972321326386,1976,39432.53203125,39706.400390625,40137.016927083336,40405.5244140625,40572.9890625,40802.912760416664,0.0030535934210346,-0.0025267478156626,0.0042409252465396,0.0122268354559151,-0.0030418068121849,Capital Goods,1.0,0.0
754,754,2023-01-18,39456.93359375,39830.90228424694,39158.90395158965,39158.90395158965,1870,39372.36875,39621.896484375,40029.62682291667,40312.2140625,40460.73484375,40753.973307291664,0.0481624701231577,0.0076108172640739,-0.0075532894985929,0.0094778954276411,-0.0075532894985929,Capital Goods,1.0,1.0
755,755,2023-01-19,40375.51953125,40478.09948089185,39456.92946490702,39461.41111319234,3909,39544.4140625,39688.3640625,39997.19296875,40251.2587890625,40413.11984375,40716.284375,0.187196144595186,0.023280722900512,-0.0226401648491521,0.0025406471751392,-0.0227511639975803,Capital Goods,1.0,1.0
756,756,2023-01-20,40346.58984375,40583.31970270815,39783.94454110024,40334.8371871969,3537,39719.20859375,39754.633203125,39918.173177083336,40247.464453125,40378.2328125,40682.18893229167,0.1828174571036278,-0.0007165155479326,-0.0002912924388062,0.005867406883083,-0.0139453000818338,Capital Goods,1.0,0.0
757,757,2023-01-23,40540.79296875,40654.57704187257,40036.058989298566,40384.63164219047,1854,39975.74765625,39785.85,39910.750260416666,40241.1703125,40360.4496875,40593.06731770833,0.2122113036240581,0.0048133714832428,-0.0038519554040272,0.002806656327869,-0.0124500273055955,Capital Goods,1.0,1.0
758,758,2023-01-24,40190.57421875,40705.21683640024,39676.032749412974,40540.79247262584,5231,40182.08203125,39807.30703125,39864.9609375,40148.283203125,40360.8359375,40507.837890625,0.159203525370866,-0.0086386753774145,0.0087139400390168,0.0128050575950753,-0.0128025408777806,Capital Goods,1.0,0.0
759,759,2023-01-25,39715.07421875,40334.93834732873,38940.597104561675,40075.89750341156,9263,40233.71015625,39803.039453125,39825.834375,40080.64765625,40296.51328125,40422.89739583333,0.0872336535139397,-0.0118311322802192,0.0090852980073548,0.0156077796849762,-0.0195008351217604,Capital Goods,1.0,0.0
760,760,2023-01-27,38144.15625,39633.705180170306,37854.988790287294,39612.79082172263,3915,39787.4375,39665.92578125,39721.38854166667,39944.7541015625,40158.49453125,40308.839453125,-0.1505345166410136,-0.0395547030857202,0.0385022167510293,0.0390505145901689,-0.0075809111575958,Capital Goods,1.0,0.0
761,761,2023-01-30,37886.21484375,38341.00101986058,37421.81568718426,38192.60865786881,6332,39295.3625,39507.285546875,39601.54296875,39762.4705078125,40057.0440625,40197.75442708333,-0.1895755470393476,-0.0067622784617237,0.0080872110181087,0.0120040014022568,-0.0122577343363809,Capital Goods,1.0,0.0
762,762,2023-01-31,39063.34375,39239.32236946609,37819.58514460536,38143.8082931612,7574,38999.87265625,39487.81015625,39523.85755208333,39683.030859375,39992.91078125,40133.686848958336,-0.0114097919564954,0.0310701111500503,-0.0235395992397297,0.0045049553512963,-0.0318395325641994,Capital Goods,1.0,1.0
763,763,2023-02-01,38969.28125,39619.71552634133,38538.743422887506,39537.10458055946,2573,38755.6140625,39468.848046875,39456.74270833333,39587.62421875,39869.749375,40093.29895833333,-0.025646734273093,-0.0024079479883234,0.0145710496151236,0.0166909487544455,-0.0110481336401988,Capital Goods,1.0,0.0
764,764,2023-02-02,39346.73046875,39518.02901759462,38517.67225774028,38802.25691083535,1755,38681.9453125,39457.827734375,39429.34140625,39539.862109375,39800.9071875,40027.418619791664,0.0314825441831307,0.0096858142270714,-0.0138378348449328,0.0043535650053736,-0.0210705743814768,Capital Goods,1.0,1.0
765,765,2023-02-03,39708.15234375,39954.39402886985,39042.77537881085,39533.119073133974,2300,38994.74453125,39391.091015625,39442.19869791667,39539.7275390625,39754.7521875,39964.53619791667,0.0861859848351602,0.0091855630873078,-0.0044079933284424,0.0062012879115642,-0.0167566840979916,Capital Goods,1.0,1.0
766,766,2023-02-06,39430.2890625,39812.12394518985,39247.5374022938,39708.15125976174,2087,39303.559375,39299.4609375,39439.37682291667,39527.0470703125,39670.68828125,39931.46328125,0.0441296551920318,-0.0069976381385001,0.0070469226543408,0.0096837961822855,-0.0046348039679985,Capital Goods,1.0,0.0
767,767,2023-02-07,39063.54296875,39782.10062556168,38861.86878232676,39488.30366262413,2252,39303.59921875,39151.7359375,39426.406510416666,39468.79296875,39607.14453125,39878.02552083333,-0.0113796389640475,-0.0093011261765968,0.0108735834384998,0.0183945848789628,-0.0051627213277755,Capital Goods,1.0,0.0
768,768,2023-02-08,38906.53515625,39543.473863101135,38673.73842383464,39043.67281691801,4639,39291.05,39023.33203125,39409.58203125,39415.31953125,39528.309375,39773.299479166664,-0.035143744423903,-0.0040192926848853,0.0035247975723682,0.0163709953685973,-0.0059834866168482,Capital Goods,1.0,0.0
769,769,2023-02-09,37923.85546875,38741.25831658585,36870.12348121565,38536.25014060159,20557,39006.475,38844.21015625,39307.37682291667,39323.6248046875,39433.1846875,39668.50182291667,-0.1838784051721245,-0.0252574454022575,0.0161480066908337,0.0215537908193277,-0.027785465757896,Capital Goods,1.0,0.0
770,770,2023-02-10,37987.25,38293.19642457922,37257.43766563092,38183.59444322462,3207,38662.29453125,38828.51953125,39148.158854166664,39247.22265625,39364.2409375,39572.67591145833,-0.1742832499870721,0.0016716267496124,0.0051686932648353,0.0080539240029013,-0.0192120338895045,Capital Goods,1.0,1.0
771,771,2023-02-13,38499.55078125,38624.83853266336,37878.842465351736,38231.44938740894,3868,38476.146875,38889.853125,39025.02291666667,39198.5693359375,39316.86703125,39471.598046875,-0.0967433518193209,0.013486124456232,-0.0069637538205155,0.0032542652802685,-0.0161224820368699,Capital Goods,1.0,1.0
772,772,2023-02-14,37251.3125,38499.54879823513,37101.62467007205,38442.58284731289,5356,38113.70078125,38708.65,38805.72421875,39098.230078125,39197.77453125,39358.23723958333,-0.2856719515006508,-0.0324221518412603,0.0319792852215043,0.0335085186122001,-0.0040183236477359,Capital Goods,1.0,0.0
773,773,2023-02-15,37147.78515625,37944.57323828095,37058.94970218616,37359.46913093691,6214,37761.95078125,38526.500390625,38602.87161458333,38997.67421875,39084.64578125,39233.916276041666,-0.3013414565760986,-0.0027791596269258,0.0056984278819458,0.0214491410101442,-0.0023914064779415,Capital Goods,1.0,0.0
774,774,2023-02-16,37204.5546875,37575.13879673747,37100.18518065939,37207.64360163566,7366,37618.090625,38312.2828125,38435.503645833334,38885.0552734375,38982.51796875,39130.66901041667,-0.2927490361987269,0.0015282076982845,8.302516080638256e-05,0.0099607188515007,-0.0028052884308725,Capital Goods,1.0,1.0
775,775,2023-02-17,37094.8515625,37247.47658352742,36699.71957494614,37204.55079636346,9438,37439.6109375,38050.952734375,38365.55,38721.021875,38885.7003125,39043.46927083333,-0.3093532840400609,-0.0029486477105142,0.0029572630497962,0.004114452938847,-0.0106519360749595,Capital Goods,1.0,0.0
776,776,2023-02-20,36606.203125,37446.558834377065,36407.81238858076,37247.47562107567,4354,37060.94140625,37768.544140625,38280.21588541667,38534.0025390625,38771.04375,38940.87942708333,-0.3833132533985514,-0.0131729449483492,0.0175181374010819,0.0229566477164397,-0.0054195933880876,Capital Goods,1.0,0.0
777,777,2023-02-21,35845.0234375,36801.70370230705,35757.13332781682,36699.72285354488,15092,36779.68359375,37446.6921875,38065.66119791667,38299.2140625,38634.52078125,38794.759375,-0.4985225164258283,-0.0207937350099048,0.0238442978712274,0.0266893468900957,-0.0024519473347933,Capital Goods,1.0,0.0
778,778,2023-02-22,36056.8515625,36352.93989789882,35320.51520813618,35730.737740330784,11534,36561.496875,37161.723828125,37871.49921875,38092.5279296875,38510.43875,38664.12096354167,-0.466461016926474,0.005909554651829,-0.0090444342208841,0.0082117079713848,-0.0204215377232112,Capital Goods,1.0,1.0
779,779,2023-02-23,36589.0234375,36776.80138196586,35654.00069281222,36056.85106376871,15764,36438.390625,37028.240625,37687.652083333334,37936.225390625,38395.72234375,38558.496744791664,-0.385913505570827,0.0147592441363757,-0.0145445908016739,0.0051320840739741,-0.0255547335469326,Capital Goods,1.0,1.0
780,780,2023-02-24,36001.58203125,37293.29278105031,35803.44414032961,36505.51853040108,15703,36219.73671875,36829.673828125,37440.54739583333,37829.0966796875,38220.76484375,38441.373046875,-0.4748264030077672,-0.0160551266762679,0.0139976209577028,0.0358792774350604,-0.00550358844643,Capital Goods,1.0,0.0
781,781,2023-02-27,34845.11328125,36001.57688902058,34708.920976080466,36001.57688902058,8589,35867.51875,36464.230078125,37134.86901041667,37677.0416015625,38000.70578125,38287.12291666667,-0.6498651154032238,-0.0321227203014624,0.0331886884234313,0.0331886884234313,-0.0039085051631276,Capital Goods,1.0,0.0
782,782,2023-02-28,34346.60546875,35132.885761251666,34244.57405432908,34955.860654231816,5368,35567.83515625,36173.759375,36820.406510416666,37441.2046875,37752.93828125,38123.406510416666,-0.7253173622703145,-0.0143063909270814,0.0177384395682462,0.0228925182494978,-0.0029706404178354,Capital Goods,1.0,0.0
783,783,2023-03-01,35122.4296875,35241.09222231641,34359.30455375182,34408.10472543685,12571,35380.95078125,35971.223828125,36568.1328125,37248.862109375,37550.2125,37988.857421875,-0.6078915586805408,0.0225880900939651,-0.0203381419912807,0.0033785400347356,-0.0217275723957039,Capital Goods,1.0,1.0
784,784,2023-03-02,35256.08203125,35540.468302893845,34858.36296162079,35106.246362074984,14265,35114.3625,35776.3765625,36390.28125,37044.3296875,37371.8528125,37848.82903645833,-0.587662448158847,0.0038053273916174,-0.0042499240001259,0.0080663038902557,-0.0112808640868455,Capital Goods,1.0,1.0
785,785,2023-03-03,35130.34375,35359.30850451596,34934.69569173202,35275.549925555315,4529,34940.11484375,35579.92578125,36199.82083333333,36815.4392578125,37251.3003125,37673.98984375,-0.6066937162746676,-0.0035664280885933,0.0041333548168116,0.0065175779703539,-0.0055692042087683,Capital Goods,1.0,0.0
786,786,2023-03-06,35314.74609375,36052.37412027901,35159.580677897604,35205.84047380837,10195,35034.04140625,35450.780078125,35987.50052083333,36609.662109375,37148.4415625,37506.26171875,-0.5787832787356468,0.0052490902184809,-0.003083856801703,0.0208872527235741,-0.0043937854017265,Capital Goods,1.0,1.0
787,787,2023-03-08,35638.31640625,35712.61373227404,34883.15866464471,35197.97111707518,3001,35292.38359375,35430.109375,35879.967447916664,36438.40078125,37011.44046875,37342.84583333333,-0.5298089066487266,0.0091624703074749,-0.0123559509421042,0.0020847597057365,-0.0211894897895024,Capital Goods,1.0,1.0
788,788,2023-03-09,35696.4296875,36351.147148786156,35355.22530909338,35559.3892862304,6483,35407.18359375,35394.0671875,35783.21041666667,36277.8955078125,36880.52640625,37193.041015625,-0.5210131013811178,0.0016306404766025,-0.0038390506408989,0.0183412589723341,-0.0095585015474558,Capital Goods,1.0,1.0
789,789,2023-03-10,35425.98828125,35743.58621725865,34980.71004611834,35639.064992501255,3844,35441.16484375,35277.763671875,35664.639322916664,36153.0021484375,36723.69671875,37050.071484375,-0.5619460842467737,-0.0075761472118513,0.0060147005514601,0.0089651115301911,-0.0125692537240331,Capital Goods,1.0,0.0
790,790,2023-03-13,34763.75,35454.81863060743,34661.46571152608,35356.22236531445,3116,35367.84609375,35153.98046875,35509.23255208333,35991.8271484375,36525.920625,36937.391276041664,-0.6621799522600514,-0.0186935725262604,0.017042820907251,0.0198790012759677,-0.0029422685548573,Capital Goods,1.0,0.0
791,791,2023-03-14,34633.03515625,35055.30602863196,34203.34155368945,34856.218912861885,3066,35231.50390625,35132.77265625,35377.68802083333,35798.5013671875,36334.03046875,36828.951953125,-0.6819644539519245,-0.0037600904318435,0.0064442447970549,0.0121927191907047,-0.0124070443327287,Capital Goods,1.0,0.0
792,792,2023-03-15,34742.23828125,35205.8399358508,34374.99207258395,35070.1455740047,3269,35052.28828125,35172.3359375,35304.16901041667,35673.04765625,36161.17828125,36684.91510416667,-0.6654358842092833,0.0031531491394652,0.0094382892115407,0.0133440353165443,-0.0105705972566612,Capital Goods,1.0,1.0
793,793,2023-03-16,34626.4609375,35006.65411555442,34396.35240884147,34911.49300176524,2914,34838.29453125,35122.7390625,35208.80963541667,35546.9814453125,35989.9753125,36540.15442708333,-0.6829595027027067,-0.0033324664580544,0.0082316256570289,0.0109798451173124,-0.0066454532871225,Capital Goods,1.0,0.0
794,794,2023-03-17,34876.5390625,35255.63517671145,34690.099371004515,34810.356940145415,2204,34728.4046875,35084.784765625,35094.64401041667,35430.5806640625,35868.08265625,36391.148046875,-0.6451086286533473,0.007222168198228,-0.0018976115214868,0.0108696597885498,-0.0053457050644095,Capital Goods,1.0,1.0
795,795,2023-03-20,34710.81640625,35304.43644990589,34275.69967173614,35304.43644990589,2968,34717.81796875,35042.83203125,35008.59296875,35311.37890625,35737.0253125,36224.57018229167,-0.6701917797240138,-0.0047516944256716,0.0171018750094567,0.0171018750094567,-0.0125354797023878,Capital Goods,1.0,0.0
796,796,2023-03-21,35246.32421875,35355.22984201114,34658.084464844724,34884.40773193197,3469,34840.47578125,35035.98984375,35035.34036458333,35243.3849609375,35606.89625,36085.1046875,-0.5891393535536502,0.01542769280424,-0.0102682051203938,0.0030898434283597,-0.0166893929209318,Capital Goods,1.0,1.0
797,797,2023-03-22,35471.8984375,35857.619770620535,34807.47069255395,35504.616028313256,8616,34986.4078125,35019.348046875,35110.35989583333,35224.7287109375,35535.7196875,35965.383203125,-0.554997297575388,0.0063999359862326,0.0009223524044223,0.0108739974489993,-0.0187311019204891,Capital Goods,1.0,1.0
798,798,2023-03-23,35375.0,35496.65031064275,35056.55395497368,35270.57602691805,4078,35136.115625,34987.205078125,35127.197916666664,35190.6361328125,35464.80828125,35847.665364583336,-0.5696634766080091,-0.002731695842858,-0.0029519144334121,0.003438878039371,-0.0090020083399666,Capital Goods,1.0,0.0
799,799,2023-03-24,35629.75,35727.40091551996,35002.669362867506,35355.22569799683,4221,35286.7578125,35007.58125,35152.109114583334,35142.6724609375,35401.81609375,35771.19518229167,-0.5311054853239882,0.0072014134275618,-0.0077049179969876,0.0027407129019978,-0.0175999168428769,Capital Goods,1.0,1.0
800,800,2023-03-27,35383.95703125,35940.77456333998,35014.76571575601,35653.999665324816,6816,35421.3859375,35069.601953125,35169.01666666667,35111.7912109375,35333.3803125,35684.41875,-0.5683077744181437,-0.0068985319501259,0.0076317816528073,0.0157364404325446,-0.0104338617404472,Capital Goods,1.0,0.0
801,801,2023-03-28,35532.6484375,35678.20475351463,34982.75173113445,35195.92958623677,6074,35478.65078125,35159.56328125,35183.54348958333,35146.16796875,35290.438125,35585.52200520833,-0.5458024085842034,0.0042022266226098,-0.0094763229331328,0.004096410552415,-0.0154758153570452,Capital Goods,1.0,1.0
802,802,2023-03-29,35092.8515625,35670.38509904984,34949.886199932,35554.41077529913,6481,35402.84140625,35194.624609375,35147.17916666667,35183.4802734375,35260.35125,35513.57330729167,-0.6123683912063412,-0.0123772613171117,0.0131525137527539,0.0164572985903199,-0.0040739169432664,Capital Goods,1.0,0.0
803,803,2023-03-31,36236.81640625,36529.022223228276,35029.113281393424,35205.83884286741,6924,35575.2046875,35355.66015625,35183.20494791667,35239.199609375,35267.54984375,35483.207682291664,-0.4392222225133526,0.0325982299190651,-0.0284511076200605,0.0080637828031679,-0.0333280692022458,Capital Goods,1.0,1.0
804,804,2023-04-03,36431.765625,36540.072123227445,35713.7565649299,36236.86450234566,5097,35735.6078125,35511.1828125,35250.25677083333,35297.9837890625,35261.25953125,35457.448046875,-0.4097154500800289,0.0053798660612022,-0.0053497578091739,0.0029728588875506,-0.0197083245281253,Capital Goods,1.0,1.0
805,805,2023-04-05,36851.24609375,37043.26059390563,35933.15792114576,36328.28989334437,6099,36029.065625,35725.22578125,35389.423177083336,35384.02890625,35295.24609375,35449.327864583334,-0.3462244814524352,0.0115141405186836,-0.0141910045341538,0.0052105293717108,-0.0249133549044343,Capital Goods,1.0,1.0
806,806,2023-04-06,36278.6953125,36933.21439413927,35761.21274739184,36749.5173813903,8986,36178.275,35828.462890625,35499.13385416667,35432.2263671875,35352.589375,35438.4109375,-0.4328835905126781,-0.0155368092518072,0.0129779217481418,0.018041417311216,-0.0142640897267841,Capital Goods,1.0,0.0
807,807,2023-04-10,36657.69140625,36940.63045696765,36251.60429010497,36300.35388441457,7611,36491.24296875,35947.0421875,35626.830729166664,35483.1951171875,35445.0328125,35465.49986979167,-0.3755201829386232,0.0104467950262647,-0.0097479548800637,0.0077184088758357,-0.0110778147932084,Capital Goods,1.0,1.0
808,808,2023-04-11,36677.5625,36856.33047981821,36362.75003345123,36749.619005096465,8131,36579.3921875,36077.2984375,35763.57083333333,35532.2517578125,35507.238125,35486.190234375,-0.3725125697507274,0.0005420716086505,0.0019645936148691,0.0048740419927908,-0.008583243953269,Capital Goods,1.0,1.0
809,809,2023-04-12,36528.375,36714.81081246662,36457.715115146566,36677.56488736687,6237,36598.7140625,36167.1609375,35873.69322916667,35587.37109375,35558.12984375,35484.168619791664,-0.3950930224482146,-0.004067541293127,0.0040842191136853,0.0051038627496191,-0.0019343834718471,Capital Goods,1.0,0.0
810,810,2023-04-13,36266.4921875,36702.8070822889,36070.79355466068,36649.92207881367,12382,36481.76328125,36255.414453125,35977.404947916664,35662.508203125,35603.57578125,35492.99895833333,-0.4347306091089011,-0.0071692981825772,0.0105725662501716,0.0120307994645063,-0.0053961279692434,Capital Goods,1.0,0.0
811,811,2023-04-17,35889.88671875,36540.37149796964,35829.283320004244,36266.49299805299,9945,36404.0015625,36291.13828125,36020.30911458333,35725.35078125,35626.58140625,35527.82473958333,-0.4917321807735806,-0.0103843919285859,0.0104933816663801,0.0181244589685429,-0.0016885926450721,Capital Goods,1.0,0.0
812,812,2023-04-18,35662.66796875,36212.51800904847,35604.25870510511,36002.57689325012,10311,36204.996875,36348.119921875,36033.027083333334,35771.372265625,35627.55546875,35571.69348958333,-0.526123146748325,-0.0063309965779661,0.0095312253361967,0.0154180848381924,-0.0016378265276191,Capital Goods,1.0,0.0
813,813,2023-04-19,35273.609375,35902.93081300663,35117.996591595176,35703.79702440305,6985,35924.20625,36251.79921875,36026.26770833333,35803.7296875,35610.64265625,35576.7328125,-0.5850095760585741,-0.0109094079582301,0.0121957366151461,0.0178411409877623,-0.0044115922969627,Capital Goods,1.0,0.0
814,814,2023-04-20,36183.0390625,36450.74366287498,35255.63731327252,35355.22950907273,4832,35855.1390625,36226.9265625,36063.153645833336,35869.0546875,35640.9246875,35607.63138020833,-0.4473617567688591,0.0257821556572703,-0.0228783865279357,0.007398621213452,-0.0256308417771529,Capital Goods,1.0,1.0
815,815,2023-04-21,35811.16015625,36347.16452803781,35410.94739709731,36151.96384172984,4762,35764.07265625,36122.91796875,36091.63385416667,35924.071875,35682.82109375,35630.32526041667,-0.5036479339068326,-0.0102777134227902,0.009516689322347,0.0149675232371453,-0.0111756434979065,Capital Goods,1.0,0.0
816,816,2023-04-24,35770.67578125,36032.40484243956,35373.404079620086,35853.18946925378,2703,35740.23046875,36072.116015625,36107.50234375,35950.289453125,35728.32671875,35645.52291666667,-0.5097754949603716,-0.0011304960471361,0.0023067411001229,0.0073168609614793,-0.0111060720255711,Capital Goods,1.0,0.0
817,817,2023-04-25,35561.43359375,36100.17676349592,35255.6855727173,35822.26398129782,6269,35719.98359375,35962.490234375,36138.74114583333,35954.7662109375,35761.09453125,35642.96015625,-0.5414455967930486,-0.0058495452750064,0.0073346420880417,0.0151496471121064,-0.0085977417143957,Capital Goods,1.0,0.0
818,818,2023-04-26,35503.3203125,35604.20797918753,34507.84579777596,35604.20797918753,6649,35765.92578125,35845.066015625,36089.84140625,35961.1822265625,35796.16890625,35636.523177083334,-0.5502414020606574,-0.001634165875141,0.0028416403254545,0.0028416403254545,-0.028038913148457,Capital Goods,1.0,0.0
819,819,2023-04-27,35206.8359375,35803.39317001287,34976.77797304178,35503.32111622912,6717,35570.68515625,35712.912109375,36008.179427083334,35940.0365234375,35809.38078125,35629.218098958336,-0.5951161496449494,-0.0083508914769195,0.0084212389677802,0.0169443580096742,-0.0065344686147491,Capital Goods,1.0,0.0
820,820,2023-04-28,35450.23828125,35641.307461644115,35235.57041925246,35355.2288842637,7948,35498.50078125,35631.28671875,35914.77890625,35943.3505859375,35838.95765625,35652.10104166667,-0.5582756964601692,0.0069134966908725,-0.0026800778102682,0.0053897855037881,-0.0060554702141757,Capital Goods,1.0,1.0
821,821,2023-05-02,35410.89453125,35852.18903893627,35355.224058508225,35680.890488568286,2731,35426.54453125,35583.3875,35856.925520833334,35937.262890625,35845.54046875,35678.0296875,-0.564230616851065,-0.0011098303398657,0.0076246579165069,0.0124621112662608,-0.0015721283937812,Capital Goods,1.0,0.0
822,822,2023-05-03,35984.8984375,36052.372145036636,35410.947878574574,35410.947878574574,2406,35511.2375,35615.610546875,35812.07265625,35981.865234375,35866.06046875,35719.45169270833,-0.4773515683164959,0.016209810959264,-0.0159497618125082,0.0018750562170912,-0.0159497618125082,Capital Goods,1.0,1.0
823,823,2023-05-04,36214.0625,36439.88779234285,35889.04182962246,35889.04182962246,1990,35653.3859375,35709.655859375,35781.17265625,35980.7275390625,35899.62296875,35772.371744791664,-0.4426661672390245,0.0063683398439492,-0.008974985073203,0.0062358453250819,-0.008974985073203,Capital Goods,1.0,1.0
824,824,2023-05-05,36182.2890625,36407.067851356216,35983.65322283144,36201.76011319706,7247,35848.4765625,35709.580859375,35758.100260416664,35968.2537109375,35921.72453125,35815.896744791666,-0.4474752739168984,-0.0008773784355179,0.0005381376137763,0.0062123982390374,-0.0054898638205406,Capital Goods,1.0,0.0
825,825,2023-05-08,36293.984375,36726.611284912295,36103.71272116027,36726.611284912295,2012,36017.22578125,35757.86328125,35759.93307291667,35940.390625,35958.125625,35868.66901041667,-0.430569496151085,0.0030870162003034,0.011920072082532,0.011920072082532,-0.0052425121439901,Capital Goods,1.0,1.0
826,826,2023-05-09,36167.3515625,36577.02559646568,35953.7768868815,36465.68074882042,1889,36168.5171875,35797.530859375,35778.43072916667,35934.8234375,35983.51375,35899.369921875,-0.4497361571153482,-0.003489085441587,0.0082485770572635,0.0113271781390389,-0.0059051787424752,Capital Goods,1.0,0.0
827,827,2023-05-10,36577.57421875,36649.926389584056,36142.154046235155,36285.46954367337,1721,36287.05234375,35899.144921875,35839.424479166664,35930.817578125,36042.90265625,35936.22578125,-0.3876464157838647,0.0113423471315311,-0.0079858952190136,0.0019780472702033,-0.0119040199306503,Capital Goods,1.0,1.0
828,828,2023-05-11,37325.01171875,37421.76397153318,36614.17248961675,36614.17248961675,9434,36509.2421875,36081.3140625,35976.18463541667,35963.1900390625,36086.43046875,36001.226171875,-0.2745171180003499,0.02043431025606,-0.0190445815393049,0.0025921559921326,-0.0190445815393049,Capital Goods,1.0,1.0
829,829,2023-05-12,36869.2265625,37718.49894932303,36551.32907510058,37490.38226366385,3460,36646.6296875,36247.553125,36021.93046875,35980.2326171875,36103.92890625,36042.54205729167,-0.3435030260752218,-0.0122112528640155,0.0168475381524719,0.023034722070542,-0.0086222987851543,Capital Goods,1.0,0.0
830,830,2023-05-15,37406.578125,37496.46007777608,36869.227678012656,36869.227678012656,1925,36869.1484375,36443.187109375,36128.291666666664,36037.2369140625,36126.1421875,36109.96276041667,-0.2621715369159282,0.0145745276643949,-0.0143651323890601,0.0024028381445564,-0.0143651323890601,Capital Goods,1.0,1.0
831,831,2023-05-16,37693.3515625,38189.02110152,37327.151867202956,37486.49936716967,4280,37174.3484375,36671.4328125,36256.470052083336,36127.41015625,36182.7284375,36181.98619791667,-0.2187665999046869,0.0076663905621546,-0.0054877634053671,0.013150052157026,-0.0097152330614549,Capital Goods,1.0,1.0
832,832,2023-05-17,37301.0078125,38044.214489537095,37088.12951807229,37944.571730853306,2880,37319.03515625,36803.04375,36372.441666666666,36209.3271484375,36208.46109375,36255.59140625,-0.278150257972754,-0.0104088316304122,0.017253258185095,0.0199245736408235,-0.0057070386810399,Capital Goods,1.0,0.0
833,833,2023-05-18,40042.6796875,41090.541195994665,38940.94114112114,39338.9130684427,57440,37862.56875,37185.90546875,36675.065625,36447.7806640625,36343.06578125,36382.453515625,0.1368187715067173,0.0735012814876608,-0.0175754126484445,0.0261686160035332,-0.0275141063229787,Capital Goods,1.0,1.0
834,834,2023-05-19,38917.390625,40086.45508899916,38095.008126235545,40086.45508899916,13828,38272.2015625,37459.415625,36922.4359375,36584.4982421875,36438.62640625,36465.30768229167,-0.0335007019530631,-0.0281022416901653,0.0300396415387667,0.0300396415387667,-0.0211314912319986,Capital Goods,1.0,0.0
835,835,2023-05-22,39356.6953125,39673.49574677592,38592.77261191679,38915.59915198144,4836,38662.225,37765.68671875,37182.86640625,36761.775,36562.23453125,36548.82265625,0.0329907850406739,0.0112881331570518,-0.0112076523960197,0.0080494673589961,-0.0194102348918655,Capital Goods,1.0,1.0
836,836,2023-05-23,39755.70703125,39836.87466337663,39356.84032368294,39445.477369808956,4584,39074.69609375,38124.522265625,37472.52057291667,36961.0265625,36716.86734375,36664.723046875,0.0933836815030281,0.0101383440754303,-0.0078033994263311,0.0020416598820094,-0.0100329421195686,Capital Goods,1.0,1.0
837,837,2023-05-24,39727.0234375,40161.4437747322,39538.89535428943,39573.00567799161,2730,39559.89921875,38439.4671875,37721.99557291667,37169.3060546875,36879.4415625,36767.03411458333,0.0890422418256703,-0.0007214962553037,-0.003876901569298,0.0109351343152011,-0.0047355192242514,Capital Goods,1.0,0.0
838,838,2023-05-25,39808.9375,40133.80642847538,39366.798774023075,40133.80642847538,2144,39513.15078125,38687.859765625,37961.65390625,37384.5869140625,37060.8546875,36871.41328125,0.1014404428380893,0.0020619229786714,0.0081607033213428,0.0081607033213428,-0.0111065191322156,Capital Goods,1.0,1.0
839,839,2023-05-26,39852.66015625,40185.44587994328,39470.07445068819,39835.87731727017,1662,39700.2046875,38986.203125,38206.3453125,37616.878125,37207.63953125,36982.22278645833,0.1080581378276938,0.0010983125648605,-0.0004211221763874,0.0083504017646132,-0.0096000042170788,Capital Goods,1.0,1.0
840,840,2023-05-29,39595.61328125,40334.98413175976,39488.30269825537,40334.83629960511,1841,39747.98828125,39205.106640625,38426.45390625,37824.146875,37359.01765625,37093.19348958333,0.0691525002778025,-0.0064499301675772,0.0186693160452993,0.0186730495941043,-0.0027101634272563,Capital Goods,1.0,0.0
841,841,2023-05-30,40122.85546875,40313.92465116143,39538.10145139724,39717.36740256227,2746,39821.41796875,39448.05703125,38690.15416666667,38059.744921875,37533.10484375,37234.29244791667,0.1489538728791494,0.013315671707241,-0.0101061617237973,0.0047621032994584,-0.0145740877741914,Capital Goods,1.0,1.0
842,842,2023-05-31,39891.25390625,40235.14261756739,39741.66332831009,40122.85242611681,992,39854.2640625,39707.081640625,38911.066145833334,38255.0626953125,37706.29765625,37375.2453125,0.1138995410705503,-0.0057723100660266,0.0058057468038257,0.0086206543450746,-0.0037499592840944,Capital Goods,1.0,0.0
843,843,2023-06-01,40043.58203125,40311.93242028448,39781.05545138041,40080.13158843377,1813,39901.19296875,39707.171875,39092.30416666667,38446.538671875,37887.908125,37534.244401041666,0.1369553468254521,0.0038185845287789,0.0009127444481675,0.0067014581469024,-0.0065560213785249,Capital Goods,1.0,1.0
844,844,2023-06-02,41079.734375,41294.4566844987,40085.80435707771,40085.854931234746,5627,40146.6078125,39923.40625,39373.0046875,38691.4109375,38122.8240625,37697.467578125,0.2937834254877892,0.0258756157963437,-0.0241939111556208,0.0052269644087419,-0.0241951422774332,Capital Goods,1.0,1.0
845,845,2023-06-05,40964.7578125,41528.44961148803,40802.92050271987,41081.77863649486,3977,40420.43671875,40084.2125,39610.21666666667,38924.949609375,38343.40484375,37869.254166666666,0.2763810101993037,-0.0027988633385607,0.002856621892664,0.0137604084361515,-0.003950647298365,Capital Goods,1.0,0.0
846,846,2023-06-06,40733.0546875,41216.9209705251,40389.609491056755,40932.386884044696,3077,40542.4765625,40181.947265625,39812.863541666666,39153.234765625,38556.29125,38034.666796875,0.2413113062769075,-0.0056561575698928,0.0048936225891711,0.0118789589127865,-0.008431609145892,Capital Goods,1.0,0.0
847,847,2023-06-07,40892.50390625,41081.72907311016,40534.022585307095,40827.819554905764,4822,40742.7265625,40298.4953125,40052.296614583334,39368.98125,38752.59546875,38212.369140625,0.2654449337030369,0.0039144920500875,-0.0015818143954337,0.0046273802967404,-0.0087664311719516,Capital Goods,1.0,1.0
848,848,2023-06-08,40848.9296875,40982.13423716011,40484.22387800857,40840.76390625769,3347,40903.79609375,40402.49453125,40106.046614583334,39545.1771484375,38937.99015625,38390.55611979167,0.2588497056489818,-0.0010655796194309,-0.0001999019632772,0.003260906728258,-0.0089281607200355,Capital Goods,1.0,0.0
849,849,2023-06-09,40677.43359375,41081.777880280766,40534.02084187702,41081.777880280766,1651,40823.3359375,40484.971875,40223.3828125,39735.5875,39117.7959375,38572.909375,0.232892709032471,-0.0041983007893222,0.0099402605033787,0.0099402605033787,-0.0035256096366663,Capital Goods,1.0,0.0
850,850,2023-06-12,40852.6640625,40982.235052421885,40272.24002528823,40832.796199486394,3212,40800.9171875,40610.676953125,40323.1140625,39907.891796875,39300.143125,38752.990234375,0.2594149264485942,0.0043078054161441,-0.0004863296793377,0.0031716656158251,-0.0142077401934862,Capital Goods,1.0,1.0
851,851,2023-06-13,41065.79296875,41299.33665383542,40852.66568257397,40852.66568257397,5255,40867.46484375,40704.970703125,40410.453125,40076.5138671875,39496.08078125,38941.48684895833,0.2916733072515792,0.0052170136548239,-0.0051898982283919,0.005687061376439,-0.0051898982283919,Capital Goods,1.0,1.0
852,852,2023-06-14,41731.265625,41853.616181673264,41131.5728329115,41231.165018947606,8538,41035.2171875,40888.971875,40544.06927083333,40298.0267578125,39702.2284375,39133.032421875,0.3923967179657765,0.0162050360687399,-0.0119838351069035,0.0029318678655163,-0.0143703475824907,Capital Goods,1.0,1.0
853,853,2023-06-15,41822.4453125,42027.90478147438,41579.790494220266,41731.26788318615,1740,41229.9203125,41066.858203125,40678.303125,40387.0150390625,39882.12578125,39319.978515625,0.4061973287445979,0.0021849250468305,-0.0021801075626393,0.0049126603535296,-0.0058020236852867,Capital Goods,1.0,1.0
854,854,2023-06-16,41869.00390625,42016.94888200584,41812.53591279511,41822.74411223194,2079,41468.234375,41145.78515625,40812.72604166667,40534.595703125,40082.116875,39509.53567708333,0.4132442604502261,0.0011132441779076,-0.0011048697055616,0.0035335203122364,-0.0013486825141895,Capital Goods,1.0,1.0
855,855,2023-06-19,42225.79296875,42426.27282473933,41709.209058687404,42044.78416391675,2788,41742.86015625,41271.888671875,40988.07135416667,40678.0505859375,40274.88546875,39707.26263020833,0.4672464962190543,0.0085215560250464,-0.004286688114234,0.0047478055921341,-0.0122338474601271,Capital Goods,1.0,1.0
856,856,2023-06-20,42461.328125,42625.5579786152,41948.2299460787,42226.94024271971,7737,42021.9671875,41444.716015625,41143.96953125,40813.331640625,40465.60453125,39917.061848958336,0.5028962018197138,0.0055779924944053,-0.0055200318178998,0.0038677512189853,-0.0120838937823802,Capital Goods,1.0,1.0
857,857,2023-06-21,42475.87109375,42650.35583447644,42239.090659432506,42461.32907772281,1508,42170.88828125,41603.052734375,41316.27734375,40950.7740234375,40672.5990625,40113.67174479167,0.5050973702684137,0.0003424991490418,-0.0003423594537965,0.0041078555008637,-0.0055744691802761,Capital Goods,1.0,1.0
858,858,2023-06-22,41958.140625,42516.055315954975,41569.781643792405,42475.872199995436,2822,42198.02734375,41713.973828125,41443.91458333333,41058.2341796875,40749.2175,40268.109375,0.4267356552476695,-0.0121888134467518,0.0123392401875634,0.0132969355325185,-0.0092558672863639,Capital Goods,1.0,0.0
859,859,2023-06-23,41357.9453125,42225.09367021262,41330.755868527376,41778.92069119816,1707,42095.815625,41782.025,41462.46197916667,41133.4984375,40846.8396875,40417.73333333333,0.335892375058915,-0.0143046213097056,0.0101788272003668,0.0209669109807186,-0.0006574176682903,Capital Goods,1.0,0.0
860,860,2023-06-26,41375.42578125,41664.39095237997,40957.337006967355,41357.94657456852,1407,41925.7421875,41834.301171875,41489.83984375,41222.4890625,40927.58890625,40550.02825520833,0.3385381523374355,0.0004226628914448,-0.0004224538201464,0.0069839806037939,-0.0101047606493057,Capital Goods,1.0,1.0
861,861,2023-06-27,41366.80859375,41629.5335572783,41133.66562158398,41525.907110156106,1564,41706.83828125,41864.402734375,41532.090104166666,41284.68671875,40992.03296875,40672.476822916666,0.3372338876052754,-0.0002082682495053,0.0038460428013329,0.0063511054504696,-0.0056359912715442,Capital Goods,1.0,0.0
862,862,2023-06-28,41604.140625,41729.128827095476,40086.853566095946,41430.35224838119,12849,41532.4921875,41851.690234375,41579.532552083336,41370.3310546875,41067.11765625,40815.91458333333,0.3731555613731125,0.0057372574611873,-0.0041771894337454,0.0030042250655304,-0.0364696166321559,Capital Goods,1.0,1.0
863,863,2023-06-30,41509.08203125,41904.96101117256,41264.23306074719,41654.43606354999,2481,41442.68046875,41820.35390625,41623.542708333334,41443.6060546875,41135.1234375,40864.794661458334,0.3587678540942752,-0.0022848349304174,0.0035017404670756,0.0095371653756286,-0.0058986843004256,Capital Goods,1.0,0.0
864,864,2023-07-03,41632.5703125,42402.266154988865,41490.6514535015,41707.2138746602,2296,41497.60546875,41796.710546875,41687.218489583334,41471.2478515625,41206.31984375,40955.30065104167,0.3774585707659778,0.0029749701801892,0.0017929126546816,0.018487829041335,-0.0034088421140764,Capital Goods,1.0,1.0
865,865,2023-07-04,42406.90234375,42525.86443469597,41778.17608049578,41914.31782393586,5509,41703.90078125,41814.821484375,41790.834375,41543.355078125,41318.77140625,41056.97421875,0.4946585225299649,0.0185991886986019,-0.011615668501822,0.0028052530218232,-0.0148260360579456,Capital Goods,1.0,1.0
866,866,2023-07-05,42319.7578125,42926.82275518241,42108.12441904348,42525.76191330337,1969,41894.490625,41800.664453125,41874.43203125,41622.690234375,41406.6475,41142.442578125,0.4814686576570009,-0.0020549610189305,0.0048677996153967,0.0143447168429471,-0.0050008176888481,Capital Goods,1.0,0.0
867,867,2023-07-06,42311.54296875,42490.758334276536,42040.850621761885,42415.5662317976,2525,42035.97109375,41784.231640625,41913.1171875,41693.6421875,41503.4590625,41228.59322916667,0.4802252901448828,-0.0001941136758484,0.0024585079094003,0.0042356140417496,-0.0063976004653869,Capital Goods,1.0,0.0
868,868,2023-07-07,42572.2265625,42694.57323513122,42195.865337966265,42326.68123716488,1675,42248.6,41845.640234375,41963.10260416667,41779.80703125,41604.60484375,41320.702864583334,0.5196813676157356,0.0061610514639594,-0.0057677350977788,0.002873861259091,-0.0088405341914922,Capital Goods,1.0,1.0
869,869,2023-07-10,43192.984375,43271.81003616964,42191.83389883577,42607.23058340346,19940,42560.6828125,42029.144140625,42051.36796875,41905.5845703125,41689.13484375,41432.04700520833,0.6136369096132347,0.0145812860313676,-0.0135613178869754,0.0018249644545345,-0.0231785437068269,Capital Goods,1.0,1.0
870,870,2023-07-11,43743.078125,43814.03755717423,43003.50888961165,43173.212417588875,3252,42827.91796875,42265.909375,42152.5203125,42050.1052734375,41800.26765625,41570.29583333333,0.6968970078189046,0.0127357198850652,-0.0130275630302623,0.0016221865313514,-0.0169071146130813,Capital Goods,1.0,1.0
871,871,2023-07-12,43418.109375,43969.95124792237,43124.514715389814,43720.97077652983,1616,43047.58828125,42471.039453125,42216.30572916667,42167.72109375,41907.66984375,41680.13763020833,0.6477109735497026,-0.0074290325219311,0.0069754626788105,0.0127099470904212,-0.0067620323371159,Capital Goods,1.0,0.0
872,872,2023-07-13,43041.8984375,43820.56149371566,42851.52953159326,43287.74330282616,2437,43193.659375,42614.815234375,42254.04088541667,42233.252734375,41993.645625,41785.15911458333,0.5907691166347729,-0.0086648392321896,0.0057117570146945,0.0180908157976891,-0.0044228742880189,Capital Goods,1.0,0.0
873,873,2023-07-14,43054.94921875,43512.97215059548,42846.7003905297,43156.28427343863,2338,43290.20390625,42769.401953125,42327.161458333336,42294.8779296875,42081.88640625,41885.53802083333,0.5927444332576863,0.0003032110971812,0.0023536215122161,0.0106381017782275,-0.0048368150932485,Capital Goods,1.0,1.0
874,874,2023-07-17,42927.91796875,43279.27999269023,42826.68406387082,43279.27999269023,1545,43237.190625,42898.93671875,42431.82630208333,42347.8236328125,42171.90578125,41947.144140625,0.5735174663085272,-0.0029504447759208,0.0081849304733578,0.0081849304733578,-0.0023582300206795,Capital Goods,1.0,0.0
875,875,2023-07-18,43135.765625,43299.548091734905,42928.318207988785,42928.318207988785,1539,43115.728125,42971.823046875,42549.182291666664,42393.322265625,42263.22984375,42019.511067708336,0.6049764971940685,0.0048417828323587,-0.004809174336087,0.0037969064501774,-0.004809174336087,Capital Goods,1.0,1.0
876,876,2023-07-19,42548.21875,43185.16131860198,42389.520944527525,43185.16131860198,1687,42941.75,42994.669140625,42627.94296875,42397.666796875,42322.526875,42080.01653645833,0.5160476364081854,-0.0136208750786488,0.0149698997352734,0.0149698997352734,-0.0037298342947077,Capital Goods,1.0,0.0
877,877,2023-07-20,42408.6953125,42799.89031184444,42326.67959015445,42550.76201151409,992,42815.109375,43004.384375,42681.57994791667,42394.3080078125,42349.6240625,42130.55625,0.4949298994619964,-0.0032791839846409,0.0033499426937619,0.0092244054305801,-0.0019339364661232,Capital Goods,1.0,0.0
878,878,2023-07-21,42444.49609375,42725.04649511905,41744.063492841844,41744.063492841844,1495,42693.01875,42991.611328125,42743.94088541667,42418.62578125,42374.50609375,42183.741796875,0.5003485695754357,0.0008441849244875,-0.0165023186837007,0.0066098181669864,-0.0165023186837007,Capital Goods,1.0,1.0
879,879,2023-07-24,41859.04296875,42525.8126509326,41456.29372655878,42525.8126509326,1620,42479.24375,42858.2171875,42759.0390625,42443.6806640625,42374.10765625,42223.12877604167,0.4117366108278289,-0.0137933814482535,0.0159289280139629,0.0159289280139629,-0.0096215587750511,Capital Goods,1.0,0.0
880,880,2023-07-25,42424.87890625,42624.46009277007,41779.5215348134,41928.310705988915,1415,42337.06640625,42726.397265625,42760.2375,42496.1533203125,42382.07109375,42275.5359375,0.4973793866720323,0.0135176510825253,-0.011704646260945,0.0047043431039861,-0.0152117669649146,Capital Goods,1.0,1.0
881,881,2023-07-26,42123.1640625,42817.62120631012,41979.35449111657,42424.88172516876,1261,42252.05546875,42596.902734375,42747.13125,42533.97109375,42368.54453125,42310.781640625,0.4517129752271953,-0.0071117431924019,0.007162749270712,0.0164863480525756,-0.0034140258592647,Capital Goods,1.0,0.0
882,882,2023-07-27,41864.0234375,42625.45628573353,41679.330503690384,42123.161531528276,1667,42143.12109375,42479.115234375,42717.296614583334,42546.965234375,42344.070625,42315.20690104167,0.4124904356390275,-0.0061519743534816,0.0061899949586821,0.0181882386285756,-0.0044117339578062,Capital Goods,1.0,0.0
883,883,2023-07-28,41828.91796875,41928.311751869485,41629.535183566375,41828.719562435115,1846,42020.00546875,42356.512109375,42667.74270833333,42562.95703125,42338.90171875,42315.42265625,0.4071770053815831,-0.0008385593611758,-4.7432810724723495e-06,0.0023761978063534,-0.0047666254559245,Capital Goods,1.0,0.0
884,884,2023-07-31,42817.6171875,43123.4157672111,41939.86380606984,42222.65503509827,2363,42211.7203125,42345.48203125,42642.71822916667,42622.209375,42397.28859375,42347.04309895833,0.5568227594898493,0.0236367390494931,-0.013895265348288,0.0071418869100539,-0.020499818511302,Capital Goods,1.0,1.0
885,885,2023-08-01,43058.1328125,43321.60471697781,42697.76082390653,43031.79145753183,2322,42338.37109375,42337.71875,42597.05520833333,42654.7708984375,42464.596875,42374.787760416664,0.5932262899017073,0.0056172118113619,-0.0006117625927458,0.0061189811835342,-0.0083694290730798,Capital Goods,1.0,1.0
886,886,2023-08-02,42750.7421875,43038.76200347529,42442.006419339006,43038.76200347529,4757,42463.88671875,42357.97109375,42552.5640625,42676.3201171875,42519.95421875,42384.434895833336,0.5467008137896769,-0.0071389678307361,0.0067371886717677,0.0067371886717677,-0.0072217639358613,Capital Goods,1.0,0.0
887,887,2023-08-03,42110.58984375,43163.16948726166,41821.68165563462,42715.008745892206,3679,42513.2,42328.160546875,42490.476822916666,42666.2724609375,42540.2121875,42372.25885416667,0.4498097892920986,-0.0149740638640228,0.0143531331283861,0.0249956043697612,-0.0068607015286978,Capital Goods,1.0,0.0
888,888,2023-08-04,42248.6328125,42719.001972516555,41722.668544288186,42719.001972516555,1416,42597.14296875,42308.57421875,42436.722395833334,42650.0927734375,42569.79421875,42381.94192708333,0.4707034481179391,0.0032781057986174,0.0111333581397548,0.0111333581397548,-0.0124492612706794,Capital Goods,1.0,1.0
889,889,2023-08-07,42285.5625,42570.2286290201,42063.22886066836,42470.466233720246,1027,42490.73203125,42351.226171875,42393.898697916666,42604.7216796875,42595.91390625,42412.8625,0.4762929851885834,0.0008741037293181,0.0043727391286387,0.0067319934320395,-0.0052579089927358,Capital Goods,1.0,1.0
890,890,2023-08-08,42075.85546875,42530.35591511538,41928.68185333476,42530.35591511538,793,42294.2765625,42316.323828125,42323.238020833334,42521.360546875,42582.67203125,42436.21015625,0.4445525263735278,-0.0049593057027442,0.0108019300214334,0.0108019300214334,-0.0034978163551432,Capital Goods,1.0,0.0
891,891,2023-08-09,41766.5859375,42408.58291067933,41661.9303598876,42408.58291067933,2149,42097.4453125,42280.666015625,42271.129166666666,42438.784375,42560.54515625,42449.53606770833,0.397742666156253,-0.0073502850460092,0.0153710665779582,0.0153710665779582,-0.0025057249775934,Capital Goods,1.0,0.0
892,892,2023-08-10,42404.640625,42520.373114285445,41771.774996076194,41771.774996076194,1254,42156.25546875,42334.727734375,42270.85885416667,42406.921484375,42564.2690625,42476.219401041664,0.4943161973804089,0.0152766780711929,-0.0149244426929701,0.0027292411297363,-0.0149244426929701,Capital Goods,1.0,1.0
893,893,2023-08-11,41952.3359375,42383.43098639925,41504.22587694812,42121.12142201933,2463,42096.99609375,42347.06953125,42238.048177083336,42351.7908203125,42539.4734375,42490.99453125,0.4258570798206569,-0.0106663959612321,0.0040232678526122,0.01027582944467,-0.0106814090452428,Capital Goods,1.0,0.0
894,894,2023-08-14,41041.89453125,41920.35108707705,40923.366488068095,41632.03941993464,2043,41848.2625,42169.497265625,42183.571614583336,42257.4896484375,42453.42984375,42471.305338541664,0.2880561306281181,-0.0217018048197927,0.0143790849673202,0.0214038987688098,-0.0028879768961848,Capital Goods,1.0,0.0
895,895,2023-08-16,40604.41015625,41224.24939576875,40324.48514743578,41069.09073951467,1661,41553.9734375,41924.125,42062.20703125,42130.921875,42327.883125,42411.222265625,0.2218401592124347,-0.0106594585848587,0.0114440914540201,0.0152653181546915,-0.0068939557978318,Capital Goods,1.0,0.0
896,896,2023-08-17,40332.12109375,40703.72599463647,40000.34395375237,40603.96359445409,1892,41267.08046875,41682.262890625,41942.80416666667,42020.1169921875,42204.44359375,42344.96770833333,0.1806275221227027,-0.0067058987300198,0.0067400992889068,0.0092136215703284,-0.0082261267446467,Capital Goods,1.0,0.0
897,897,2023-08-18,40108.7421875,40424.29969828132,39875.32772707009,40324.486612606546,1402,40807.90078125,41482.078125,41825.785416666666,41905.1193359375,42087.11734375,42271.541015625,0.1468177402965137,-0.0055384864517977,0.0053789875558296,0.0078675494062157,-0.0058195407709058,Capital Goods,1.0,0.0
898,898,2023-08-21,40379.78125,40454.141998362735,40044.210437849455,40409.27679642219,897,40493.38984375,41295.19296875,41729.17630208333,41801.88359375,41980.110625,42198.45950520833,0.1878411821395136,0.0067576056420056,0.0007304533484115,0.0018415342050108,-0.0083103672620946,Capital Goods,1.0,1.0
899,899,2023-08-22,40133.29296875,40494.56564447235,39955.47752018059,40285.55860732785,1925,40311.66953125,41079.966015625,41550.221354166664,41715.59609375,41868.325625,42096.46979166667,0.1505336531893632,-0.0061042500385016,0.0037939981325829,0.0090018199105579,-0.0044306219454224,Capital Goods,1.0,0.0
900,900,2023-08-23,40266.6953125,40823.55094292195,39825.36942669046,40125.75612015923,12723,40244.1265625,40899.05,41364.12552083333,41607.6869140625,41753.5628125,41980.59036458333,0.1707249246617105,0.003323982008002,-0.0035001430151387,0.0138291862816237,-0.0109600721485714,Capital Goods,1.0,1.0
901,901,2023-08-24,40696.6875,40910.53703317068,40302.77672228278,40374.34192395555,2951,40317.03984375,40792.06015625,41227.18854166667,41536.3630859375,41679.5015625,41889.876302083336,0.2358069070672928,0.0106786063311859,-0.007920683373664,0.0052547159561986,-0.009679185258437,Capital Goods,1.0,1.0
902,902,2023-08-25,40132.09765625,40662.206523970046,40025.09880615334,40494.16963144862,794,40321.7109375,40564.805859375,41095.2890625,41449.766796875,41588.43765625,41792.88294270833,0.1503527352346756,-0.0138731154409065,0.0090220047379514,0.01320909941615,-0.0026661663941205,Capital Goods,1.0,0.0
903,903,2023-08-28,40240.14453125,40373.39500054647,40076.950136268926,40373.39500054647,1003,40293.78359375,40393.58671875,40961.38984375,41370.328125,41500.26359375,41699.05611979167,0.1667062993740895,0.0026922807754897,0.0033113814785876,0.0033113814785876,-0.0040555121479332,Capital Goods,1.0,1.0
904,904,2023-08-29,40352.78515625,40535.98895573032,40132.54524347983,40274.58004409421,821,40337.68203125,40324.67578125,40832.53802083333,41247.0865234375,41440.01328125,41613.218359375,0.1837551560452442,0.002799210249171,-0.0019380350539118,0.0045400534007984,-0.0054578615061483,Capital Goods,1.0,1.0
905,905,2023-08-30,40045.55859375,40583.10273126308,39974.14155317651,40574.01818114372,1635,40293.4546875,40268.790625,40697.184895833336,41096.4578125,41344.84046875,41510.21145833333,0.1372545118093474,-0.0076135156795345,0.0131964593815454,0.0134233147542353,-0.0017833947903684,Capital Goods,1.0,0.0
906,906,2023-08-31,39569.59765625,40354.12847377529,39296.05912767811,40323.385265003686,6920,40068.03671875,40192.53828125,40550.719010416666,40937.4005859375,41242.6978125,41410.924088541666,0.0652148742051887,-0.0118854862864688,0.0190496657383785,0.0198266058791065,-0.0069128458405914,Capital Goods,1.0,0.0
907,907,2023-09-01,39323.9609375,39787.140432239554,38759.116358705985,39469.78551309812,4093,39906.409375,40114.06015625,40345.34036458333,40798.069140625,41141.0953125,41308.099609375,0.0280362345168746,-0.0062077133278913,0.0037082880798779,0.01177855647542,-0.0143638780358813,Capital Goods,1.0,0.0
908,908,2023-09-04,39293.51953125,39524.93383526399,38977.50973662574,39325.358346585,3589,39717.084375,40005.433984375,40168.0859375,40650.3134765625,41039.679375,41203.067057291664,0.0234287390237997,-0.0007741185151308,0.0008102815862467,0.0058893758251903,-0.0080422878478202,Capital Goods,1.0,0.0
909,909,2023-09-05,39159.56640625,39521.43952700896,38952.056561368,39413.9923001994,2285,39478.440625,39908.061328125,40042.597395833334,40494.013671875,40893.35734375,41113.08450520833,0.0031541033958611,-0.0034090386047874,0.0064971580969495,0.0092409889579676,-0.0052990843343168,Capital Goods,1.0,0.0
910,910,2023-09-06,39075.72265625,39426.167951724376,38887.1773012451,39276.44832659124,2610,39284.4734375,39788.9640625,39940.684895833336,40344.00703125,40734.0609375,41001.445963541664,-0.0095361677787007,-0.0021410796312243,0.0051368383409573,0.0089683637730069,-0.004825127782371,Capital Goods,1.0,0.0
911,911,2023-09-07,39067.94140625,39306.39330938286,38896.26289814401,39125.731623527136,2691,39184.1421875,39626.089453125,39856.40625,40209.0748046875,40586.74890625,40899.605208333334,-0.0107139081896086,-0.000199132593617,0.0014792235064602,0.0061035185000741,-0.0043943576734895,Capital Goods,1.0,0.0
912,912,2023-09-08,38951.7578125,39261.42792151449,38727.47858102286,39226.493340320274,12000,39109.7015625,39508.05546875,39779.27395833333,40036.4306640625,40460.395625,40802.5296875,-0.0282990151382199,-0.0029738857377167,0.0070532254062256,0.0079500933052916,-0.0057578718926304,Capital Goods,1.0,0.0
913,913,2023-09-11,39293.56640625,39481.06685112805,38578.75653805967,39126.7303896908,7177,39109.7109375,39413.39765625,39706.859635416666,39903.4921875,40342.19296875,40718.01796875,0.0234358338455522,0.008775177628577,-0.004245886332493,0.0047717848499551,-0.018191524301969,Capital Goods,1.0,1.0
914,914,2023-09-12,39866.7421875,40364.11157252564,39226.59330277115,39481.065984560584,11895,39251.14609375,39364.793359375,39689.089583333334,39844.7345703125,40245.44015625,40619.65546875,0.1101895405291612,0.0145870134394019,-0.009674133921591,0.0124757970612805,-0.0160572158547122,Capital Goods,1.0,1.0
915,915,2023-09-13,39271.109375,40120.920363059806,39097.28643825647,39865.34816619557,3584,39290.2234375,39287.3484375,39622.7171875,39778.06953125,40133.2503125,40493.42135416667,0.0200368229909791,-0.0149405940846292,0.0151317037041449,0.0216395971895002,-0.0044262293454379,Capital Goods,1.0,0.0
916,916,2023-09-14,39279.24609375,39510.960620437174,39126.7816002017,39271.10898762185,3562,39332.484375,39258.31328125,39528.22109375,39725.42578125,40033.75671875,40377.704817708334,0.0212683658001765,0.0002071935038122,-0.0002071604457155,0.0058991592184363,-0.0038815534591576,Capital Goods,1.0,1.0
917,917,2023-09-15,39935.4140625,40120.766181126506,39246.65309126104,39376.26194141318,3195,39529.215625,39319.45859375,39515.10885416667,39716.759375,39934.98765625,40305.198958333334,0.120583454396511,0.0167052078134057,-0.0140014103825676,0.004641297028658,-0.0172468719157645,Capital Goods,1.0,1.0
918,918,2023-09-18,39923.38671875,40124.810308208864,39793.98061096773,39935.4149755294,5064,39655.1796875,39382.4453125,39493.99166666667,39693.9396484375,39853.8296875,40227.690755208336,0.1187630413818597,-0.0003011698772216,0.0003012834773796,0.0050452530712847,-0.0032413609770609,Capital Goods,1.0,0.0
919,919,2023-09-20,40555.00390625,40713.75739783491,39532.07184333501,39923.38592417172,3563,39792.83203125,39521.9890625,39507.472916666666,39715.0251953125,39834.3540625,40170.00546875,0.2143622170853447,0.0158207316415709,-0.0155743538710629,0.0039145229020787,-0.02522332546878,Capital Goods,1.0,1.0
920,920,2023-09-21,40126.5546875,40555.0023385778,39875.325941893585,40555.0023385778,30549,39963.92109375,39627.072265625,39512.87265625,39708.0181640625,39815.23984375,40105.02877604167,0.1495137725624475,-0.0105646449878401,0.010677409371786,0.010677409371786,-0.0062609099525974,Capital Goods,1.0,0.0
921,921,2023-09-22,40773.64453125,40923.36415621175,39826.46905699003,40126.555532375605,6695,40262.80078125,39797.642578125,39593.14244791667,39711.866015625,39832.90078125,40071.93072916667,0.2474548306793895,0.016126224860057,-0.0158702761627905,0.0036719706242349,-0.0232300910342717,Capital Goods,1.0,1.0
922,922,2023-09-25,40541.28125,40809.52892698182,40234.9057527681,40787.62073371204,1592,40383.97421875,39956.594921875,39674.297135416666,39732.3251953125,39850.20234375,40009.81875,0.2122852080173129,-0.0056988597394552,0.0060762629131767,0.0066166551404147,-0.007557124190097,Capital Goods,1.0,0.0
923,923,2023-09-26,40762.31640625,41073.136703964105,40200.072396521275,40723.74020703045,3643,40551.76015625,40103.469921875,39772.21692708333,39758.4337890625,39865.50375,39970.15143229167,0.245740248755879,0.0054521009064063,-0.0009463691620241,0.0076251873082082,-0.0137932301031478,Capital Goods,1.0,1.0
924,924,2023-09-27,40450.69921875,40810.47470395446,39925.2340123941,40762.314890427006,2485,40530.89921875,40161.865625,39858.29244791667,39763.3294921875,39878.2,39950.444921875,0.1985750562158353,-0.0076447369770237,0.0077035917226508,0.0088941722183555,-0.0129902626284474,Capital Goods,1.0,0.0
925,925,2023-09-28,39068.0390625,40630.91315187292,38647.72849430409,40630.91315187292,6466,40319.19609375,40141.55859375,39857.78020833333,39714.453515625,39830.25375,39899.23255208333,-0.0106991273109576,-0.0341813660320882,0.0400039041343405,0.0400039041343405,-0.0107584250011502,Capital Goods,1.0,0.0
926,926,2023-09-29,39779.2578125,39915.253142348585,38896.1615329878,39086.80452749114,3142,40120.31875,40191.559765625,39905.20130208333,39724.9365234375,39793.5565625,39880.80377604167,0.0969482381984918,0.0182046185850846,-0.0174073957908602,0.0034187498039708,-0.0221999184518395,Capital Goods,1.0,1.0
927,927,2023-10-03,39751.91015625,39915.252710350185,39563.21273917866,39715.626540255915,2218,39962.44453125,40173.209375,39958.54479166667,39746.333984375,39778.3490625,39868.909375,0.092809000941079,-0.0006874853316495,-0.0009127515093354,0.0041090491867723,-0.0047468767244048,Capital Goods,1.0,0.0
928,928,2023-10-04,39238.26953125,39826.31674829172,39091.84451874518,39626.84264192082,1647,39657.63515625,40104.69765625,39954.85833333333,39743.571484375,39738.2740625,39830.858984375,0.0150663091182368,-0.0129211558131689,0.0099029115022861,0.0149865736707219,-0.0037316888398507,Capital Goods,1.0,0.0
929,929,2023-10-05,39149.5390625,39625.79564886142,39106.76759502244,39625.79564886142,1988,39397.403125,39964.151171875,39907.04479166667,39743.0701171875,39690.14421875,39798.0671875,0.0016364027759813,-0.0022613247171701,0.0121650624187708,0.0121650624187708,-0.0010925152250013,Capital Goods,1.0,0.0
930,930,2023-10-06,38912.3828125,39349.21324291387,38891.22321713186,39349.21324291387,2367,39366.271875,39842.733984375,39883.1296875,39734.903125,39644.8171875,39752.9234375,-0.034258665410284,-0.0060577022278958,0.0112260005386652,0.0112260005386652,-0.0005437753701719,Capital Goods,1.0,0.0
931,931,2023-10-09,38382.2265625,39116.351831057786,38349.186870508165,38912.382224394954,2181,39086.865625,39603.5921875,39823.328385416666,39700.6173828125,39597.32234375,39675.774739583336,-0.1145010994305753,-0.0136243584093671,0.0138125301571985,0.0191266983264342,-0.000860807070117,Capital Goods,1.0,0.0
932,932,2023-10-10,38361.71484375,38659.606232713544,38088.675354754436,38659.5555463785,8568,38808.8265625,39385.635546875,39718.41510416667,39671.115234375,39558.8325,39616.761979166666,-0.1176056751824214,-0.0005344066925507,0.0077640090867059,0.0077653303606701,-0.0071174995723646,Capital Goods,1.0,0.0
933,933,2023-10-11,38390.0078125,38662.598910285196,38278.76690780409,38477.89401462227,2179,38639.17421875,39148.4046875,39616.18984375,39625.9373046875,39522.69203125,39555.09075520833,-0.1133233590196674,0.0007375313868329,0.0022892988860931,0.0071005741680636,-0.002897652567283,Capital Goods,1.0,1.0
934,934,2023-10-12,38309.16015625,38677.52113945413,38208.50099578363,38677.52113945413,3864,38471.0984375,38934.25078125,39466.46692708333,39548.058203125,39488.67578125,39486.969921875,-0.125560152837218,-0.0021059557123527,0.0096154805195862,0.0096154805195862,-0.0026275480865625,Capital Goods,1.0,0.0
935,935,2023-10-13,37980.02734375,38428.039961425275,37896.08687374903,38428.039961425275,11994,38284.62734375,38825.449609375,39323.36510416667,39483.5041015625,39444.84796875,39418.118880208334,-0.1753764437720966,-0.0085914912036071,0.0117960056642507,0.0117960056642507,-0.0022101213682981,Capital Goods,1.0,0.0
936,936,2023-10-16,37802.609375,38097.70911578582,37729.348126313096,37989.86029194717,1893,38168.70390625,38627.784765625,39125.29609375,39409.672265625,39394.2346875,39359.21927083333,-0.2022297528700012,-0.0046713491579198,0.0049533860239552,0.0078063325697559,-0.0019379944902785,Capital Goods,1.0,0.0
937,937,2023-10-17,37969.44921875,38199.865397833615,37741.32562157919,38016.80975020386,2727,38090.25078125,38449.538671875,38953.840625,39311.3740234375,39354.94234375,39314.06888020833,-0.1769775085475677,0.0044134478150689,0.0012473325904993,0.0060684625093225,-0.0060080828630549,Capital Goods,1.0,1.0
938,938,2023-10-18,37796.66796875,38202.408145241454,37679.43828426191,38114.57263347947,1775,37971.5828125,38305.378515625,38756.13072916667,39205.0380859375,39295.06640625,39264.173828125,-0.2031290215271251,-0.0045505334829739,0.0084109177293698,0.0107348133657421,-0.0031015878062324,Capital Goods,1.0,0.0
939,939,2023-10-19,37410.1953125,38036.074067241985,37340.07661743518,37796.670813551485,4323,37791.78984375,38131.444140625,38553.43046875,39047.79765625,39196.80453125,39205.86145833333,-0.261624053170697,-0.0102250456725321,0.010330753363438,0.0167301653871039,-0.0018743204754504,Capital Goods,1.0,0.0
940,940,2023-10-20,37111.65234375,37461.69996190641,37041.63502222123,37429.90793385509,2381,37618.11484375,37951.37109375,38423.0046875,38897.0525390625,39110.42625,39140.39244791667,-0.306810381676951,-0.0079802568860218,0.0085756243660943,0.0094322832870403,-0.0018866667773299,Capital Goods,1.0,0.0
941,941,2023-10-23,37302.0,37429.65938309603,36743.29622624983,37230.28273493775,2997,37517.99296875,37843.3484375,38257.854166666664,38723.4703125,39031.33640625,39081.527734375,-0.2780000842456603,0.005129053659128,-0.0019226117919214,0.0034223200658416,-0.0149778503498516,Capital Goods,1.0,1.0
942,942,2023-10-25,37150.78125,37679.43969665453,36931.89037417116,37140.59719614159,2426,37354.259375,37722.255078125,38084.445572916666,38553.9453125,38919.95109375,39021.49518229167,-0.3008879792190874,-0.0040539046163744,-0.0002741275826712,0.01423007616171,-0.0058919588892585,Capital Goods,1.0,0.0
943,943,2023-10-26,36072.09765625,37133.46164466182,36017.602051749076,37133.46164466182,4846,37009.3453125,37490.4640625,37873.367447916666,38319.434375,38765.89953125,38914.112890625,-0.4641534261514873,-0.0290352869429899,0.0294234063825762,0.0294234063825762,-0.0015107412111222,Capital Goods,1.0,0.0
944,944,2023-10-27,36150.40625,36381.87124575354,36063.46748917205,36381.87124575354,4130,36757.3875,37274.588671875,37673.42526041667,38104.4197265625,38589.715625,38790.235026041664,-0.4523009351788614,0.0021708910442703,0.0064028324924712,0.0064028324924712,-0.002404917948272,Capital Goods,1.0,1.0
945,945,2023-10-30,35979.0234375,36352.07485435878,35877.91589839066,36182.244444497424,2457,36530.86171875,37074.48828125,37477.86796875,37949.9689453125,38423.814375,38680.498828125,-0.4782407859761372,-0.0047408267369056,0.0056483191476957,0.0103685809456952,-0.0028101801952733,Capital Goods,1.0,0.0
946,946,2023-10-31,35930.21484375,36166.67047971149,35852.9103901305,36166.62369232845,2404,36256.5046875,36887.248828125,37314.40052083333,37757.516796875,38230.0771875,38568.864453125,-0.4856282691258833,-0.0013565847287319,0.0065796669907631,0.0065809691645253,-0.0021515165983747,Capital Goods,1.0,0.0
947,947,2023-11-01,35840.93359375,36167.27169851468,35657.22682924627,36167.27169851468,1694,35994.53515625,36674.397265625,37146.3484375,37561.96796875,38042.06328125,38432.38177083333,-0.4991415396237302,-0.0024848515487106,0.009105178689363,0.009105178689363,-0.0051256132606927,Capital Goods,1.0,0.0
948,948,2023-11-02,36065.4609375,36203.00414435603,35932.760224702855,36037.16236915912,1474,35993.2078125,36501.2765625,36991.378645833334,37403.3275390625,37854.1890625,38303.78424479167,-0.465157934664606,0.0062645506474517,-0.0007846445769795,0.0038137099396675,-0.0036794403661473,Capital Goods,1.0,1.0
949,949,2023-11-03,37080.86328125,37329.0976571417,36112.42677220319,36112.42677220319,2295,36179.29921875,36468.343359375,36909.4921875,37299.89375,37719.395625,38187.97955729167,-0.3114704970980234,0.0281544257956289,-0.0261168814140447,0.0066944066002156,-0.0261168814140447,Capital Goods,1.0,1.0
950,950,2023-11-06,37196.29296875,37429.606051167626,37031.65206749249,37269.20720595407,1517,36422.753125,36476.807421875,36857.24322916667,37214.0892578125,37644.52578125,38090.30416666667,-0.2939994985325974,0.0031129180198554,0.0019602554820539,0.0062724821157216,-0.0044262717630445,Capital Goods,1.0,1.0
951,951,2023-11-07,37109.859375,37629.48397850917,37050.618746922904,37196.29517096163,2049,36658.68203125,36457.593359375,36811.059895833336,37150.4708984375,37537.74984375,37968.177994791666,-0.3070817586089825,-0.0023237152643844,0.0023291868365273,0.0140023328641127,-0.0015963581936127,Capital Goods,1.0,0.0
952,952,2023-11-08,37458.80078125,37509.756139297046,36831.07786940833,37230.380882926765,2005,36982.25546875,36488.3953125,36777.01666666667,37105.3251953125,37446.02546875,37865.42864583333,-0.2542673142485449,0.0094029298985992,-0.0060978967174403,0.0013603040402871,-0.0167576884136632,Capital Goods,1.0,1.0
953,953,2023-11-09,37366.82421875,37449.8679221993,37100.771672045004,37449.8679221993,1202,37242.528125,36617.86796875,36748.36041666667,37054.166015625,37371.16765625,37752.24557291667,-0.268188536997158,-0.0024554059548547,0.0022223912570988,0.0022223912570988,-0.0071200202925325,Capital Goods,1.0,0.0
954,954,2023-11-10,37271.953125,37457.5040927107,37080.662904831435,37366.82624324552,720,37280.74609375,36730.02265625,36739.144270833334,37002.3056640625,37296.06421875,37646.287369791666,-0.2825478649889854,-0.0025389124105011,0.0025454292112716,0.0049783000930594,-0.0051322832352527,Capital Goods,1.0,0.0
955,955,2023-11-13,36939.7734375,37618.35424619686,36828.03347015623,37498.77739220803,3402,37229.4421875,36826.09765625,36727.68567708333,36950.29296875,37217.15984375,37575.34518229167,-0.3328253193377736,-0.0089123230646368,0.0151328474077903,0.0183699234064058,-0.0030249229203537,Capital Goods,1.0,0.0
956,956,2023-11-15,35834.54296875,37272.65068112966,35782.991069786796,37130.46772095031,7082,36974.37890625,36816.53046875,36629.855208333334,36851.8896484375,37115.2525,37443.8546875,-0.5001088003226485,-0.0299197955455787,0.0361641211199608,0.0401318837422812,-0.0014386090819732,Capital Goods,1.0,0.0
957,957,2023-11-16,36937.4765625,37050.61625117615,35877.26277919705,35877.26277919705,8713,36870.1140625,36926.184765625,36615.63489583333,36800.291015625,37058.28296875,37350.040234375,-0.333172965603644,0.0307785031530003,-0.0287029294356103,0.0030630053594677,-0.0287029294356103,Capital Goods,1.0,1.0
958,958,2023-11-17,37144.9921875,37396.57185469571,36639.28683958393,36928.74479375067,2310,36825.74765625,37034.137890625,36687.16119791667,36767.7072265625,37008.48234375,37280.264322916664,-0.3017641897055159,0.0056180238693044,-0.0058217105729287,0.0067729094120085,-0.0136143614020263,Capital Goods,1.0,1.0
959,959,2023-11-20,36860.5234375,37380.99798275115,36798.140260177046,37144.99072609267,1497,36743.46171875,37012.10390625,36734.50234375,36740.2236328125,36950.536875,37203.96380208333,-0.3448202979805947,-0.0076583338223376,0.0077173968805681,0.0141201072777399,-0.0016924115966158,Capital Goods,1.0,0.0
960,960,2023-11-21,36808.96875,37209.87035220259,36643.87946413534,37178.32785721782,5204,36717.30078125,36973.371484375,36789.83203125,36725.089453125,36903.69453125,37133.85,-0.3526234194380055,-0.001398642305973,0.0100344866960668,0.0108914108657984,-0.0044850288250648,Capital Goods,1.0,0.0
961,961,2023-11-22,36710.10546875,36880.88331361337,36373.832854290726,36845.10266289053,9956,36892.41328125,36933.39609375,36841.82473958333,36695.4947265625,36859.994375,37078.112630208336,-0.3675869897490839,-0.0026858476237533,0.0036773850801232,0.0046520663093367,-0.0091602192411441,Capital Goods,1.0,0.0
962,962,2023-11-23,36689.79296875,36928.84530810051,36539.125896243444,36928.84530810051,874,36842.8765625,36856.4953125,36898.415364583336,36672.4453125,36808.808125,37022.38190104167,-0.370661412508482,-0.0005533217554302,0.006515499816369,0.006515499816369,-0.0041065119292137,Capital Goods,1.0,0.0
963,963,2023-11-24,36694.18359375,36976.55715464627,36391.851314515254,36731.21580839718,2511,36752.71484375,36789.23125,36940.33020833333,36703.549609375,36764.70875,36965.85442708333,-0.3699968642043352,0.00011966884097,0.0010092121153906,0.0076953220712714,-0.0082392425617623,Capital Goods,1.0,1.0
964,964,2023-11-28,36591.625,36975.75721593121,36531.58898915056,36975.75721593121,1540,36698.93515625,36721.1984375,36907.71432291667,36725.610546875,36731.9659375,36908.603255208334,-0.3855197429635656,-0.0027949550502458,0.0104978179004406,0.0104978179004406,-0.0016407035995106,Capital Goods,1.0,0.0
965,965,2023-11-29,36576.3046875,36789.9553671785,36442.754005327115,36789.9553671785,1088,36652.40234375,36684.8515625,36866.38177083333,36755.474609375,36710.55203125,36861.8125,-0.3878385672063271,-0.0004186835785511,0.005841231953416,0.005841231953416,-0.0036512896344754,Capital Goods,1.0,0.0
966,966,2023-11-30,36584.9375,36768.84310446701,36396.89121218954,36631.40126968354,1726,36627.36875,36759.891015625,36831.386979166666,36788.2107421875,36681.86953125,36821.2234375,-0.3865319375335829,0.0002360219976773,0.0012700245745544,0.0050268120443559,-0.0051399920475594,Capital Goods,1.0,1.0
967,967,2023-12-01,36611.140625,36941.771480496,36536.58102771639,36584.93968928145,2549,36611.63828125,36727.257421875,36774.876302083336,36826.72109375,36660.28390625,36775.946484375,-0.3825659321739593,0.000716227135826,-0.000715654723433,0.0090308810337973,-0.0020365275708644,Capital Goods,1.0,1.0
968,968,2023-12-04,36546.36328125,37230.281779621015,36455.28383855857,37180.3752356805,2757,36582.07421875,36667.39453125,36720.17890625,36850.7662109375,36679.25453125,36734.26966145833,-0.3923703846007091,-0.0017693342147817,0.0173481544401923,0.0187137224327296,-0.0024921615863802,Capital Goods,1.0,0.0
969,969,2023-12-05,36351.57421875,36690.190105580274,36302.01858221706,36597.465310298896,3138,36534.0640625,36616.499609375,36658.8203125,36814.3017578125,36687.30125,36698.98229166667,-0.4218529163930452,-0.0053299164406855,0.0067642487796875,0.0093150267659005,-0.0013632322010247,Capital Goods,1.0,0.0
970,970,2023-12-06,36158.33984375,36581.49664934883,36095.15737943355,36581.49664934883,5049,36450.47109375,36551.43671875,36606.72473958333,36762.4041015625,36694.47390625,36667.20520833333,-0.451100136597258,-0.0053157085807945,0.01170288258331,0.01170288258331,-0.0017473828884146,Capital Goods,1.0,0.0
971,971,2023-12-07,36474.046875,36531.5875564761,36132.385919784574,36137.325887492276,5507,36428.29296875,36527.830859375,36649.35833333333,36730.6134765625,36716.2271875,36639.606770833336,-0.4033159208593125,0.008731236904522,-0.0092317967529541,0.0015775787554723,-0.009367234636352,Capital Goods,1.0,1.0
972,972,2023-12-08,36199.109375,36680.309806872356,35922.72850824066,36680.309806872356,4412,36345.88671875,36478.7625,36600.13385416667,36667.62890625,36730.55421875,36607.884375,-0.4449294153780584,-0.0075378940248181,0.013293156659945,0.013293156659945,-0.0076350184170612,Capital Goods,1.0,0.0
973,973,2023-12-11,36184.6875,36531.588652361526,36082.48046181982,36531.588652361526,3226,36273.5515625,36427.812890625,36536.113541666666,36608.5220703125,36735.32328125,36611.637369791664,-0.447112255537231,-0.0003984041389139,0.0095869600189728,0.0095869600189728,-0.0028245936400633,Capital Goods,1.0,0.0
974,974,2023-12-12,35915.890625,36384.31421386073,35877.81349255717,36192.2247110898,8012,36186.41484375,36360.239453125,36473.138020833336,36540.7189453125,36688.724375,36603.82018229167,-0.487796328406405,-0.0074284702610738,0.0076939226977557,0.0130422378704615,-0.0010601750862979,Capital Goods,1.0,0.0
975,975,2023-12-13,35858.84765625,36123.80070127663,35433.64392910079,36033.52054885824,6964,36126.51640625,36288.49375,36409.796614583334,36486.67265625,36635.2265625,36599.81432291667,-0.4964301352439994,-0.0015882376228836,0.004871123977064,0.0073887774522629,-0.0118577075098813,Capital Goods,1.0,0.0
976,976,2023-12-14,35559.859375,36172.1619881095,35483.553048445065,36131.33999439277,6890,35943.67890625,36185.9859375,36333.113541666666,36472.9384765625,36573.2265625,36587.469140625,-0.5416838645569019,-0.0083379221807728,0.0160709471138837,0.0172189267300639,-0.0021458556894232,Capital Goods,1.0,0.0
977,977,2023-12-15,35301.34375,35928.71970397392,35224.039291955756,35733.086048512785,13113,35764.12578125,36055.00625,36240.55026041667,36391.1318359375,36486.92828125,36569.4828125,-0.5808118065217036,-0.0072698719720401,0.0122301944529459,0.0177720133946435,-0.0021898446300431,Capital Goods,1.0,0.0
978,978,2023-12-18,35627.0859375,36112.42709360937,35384.73897220204,35433.5967005697,7863,35652.60546875,35963.078515625,36169.410416666666,36315.2365234375,36417.33875,36554.8703125,-0.5315087076935862,0.0092274727502405,-0.0054309588291822,0.0136228137479668,-0.0068023235389811,Capital Goods,1.0,1.0
979,979,2023-12-19,35278.5859375,36132.338766808534,35216.553661323815,35726.09948840823,20335,35525.14453125,35855.7796875,36081.87447916667,36236.1396484375,36337.6040625,36494.79440104167,-0.5842563424825216,-0.0097818833853368,0.0126851328933945,0.0242003132104289,-0.001758354948979,Capital Goods,1.0,0.0
980,980,2023-12-20,35410.140625,36032.525935174206,35134.20811407568,35477.56514791778,17651,35435.403125,35780.959765625,36004.130208333336,36166.1982421875,36276.41875,36435.25598958333,-0.5643447252342503,0.0037290238257583,0.0019041020941379,0.0175764710105328,-0.0077924714800344,Capital Goods,1.0,1.0
981,981,2023-12-21,35100.62109375,35634.071357643705,34912.32136568046,35379.74683207691,9448,35343.55546875,35643.6171875,35905.17578125,36085.7240234375,36247.061875,36368.28138020833,-0.6111924245008715,-0.0087409856551508,0.0079521595239411,0.0151977442925843,-0.0053645696914198,Capital Goods,1.0,0.0
982,982,2023-12-22,35043.7265625,35399.708366961524,34959.532666577215,35333.83173152986,12352,35292.03203125,35528.07890625,35800.68151041667,36003.420703125,36171.311875,36287.77890625,-0.6198037644029165,-0.0016208981344814,0.0082783766878349,0.0101582177291172,-0.0024025383194514,Capital Goods,1.0,0.0
983,983,2023-12-26,35669.15234375,35804.39907003655,35084.696061546376,35233.37076653826,6141,35300.4453125,35476.525390625,35742.20078125,35952.169140625,36112.27828125,36231.18984375,-0.5251416964059018,0.0178470112228093,-0.0122173236137499,0.0037917000377005,-0.0163854827995663,Capital Goods,1.0,1.0
984,984,2023-12-27,35257.375,35757.789479574334,35195.09319225593,35733.085740131086,6107,35296.203125,35410.673828125,35669.254166666666,35885.456640625,36048.15234375,36164.03723958333,-0.5874667493255085,-0.0115443546227739,0.0134925172430189,0.0141931859525654,-0.0017664902093269,Capital Goods,1.0,0.0
985,985,2023-12-28,36862.76953125,37080.56090189889,35416.72746916047,35472.57211016378,16287,35586.72890625,35511.066015625,35716.216145833336,35899.7798828125,36050.304375,36161.470442708334,-0.3444803377716228,0.0455335807401997,-0.0377127773839047,0.0059081662451938,-0.0392277107899792,Capital Goods,1.0,1.0
986,986,2023-12-29,36778.12890625,36979.64997337475,36322.084462158506,36862.771185517326,8767,35922.23046875,35632.89296875,35736.48828125,35909.439453125,36053.0253125,36192.92330729167,-0.3572912209159764,-0.0022961005392784,0.002301429729693,0.0054793724726573,-0.0123998816050153,Capital Goods,1.0,0.0
987,987,2024-01-01,37419.92578125,37679.439803739326,36711.4517200644,37000.71082184416,6084,36397.4703125,35844.751171875,35817.87604166667,35949.8787109375,36082.230625,36209.00494791667,-0.260151286421916,0.017450503712029,-0.0112029874633236,0.0069351827153907,-0.0189330696519072,Capital Goods,1.0,1.0
988,988,2024-01-02,36939.12890625,37654.48854907445,36831.03054899529,37654.48854907445,3823,36651.465625,35975.95546875,35868.172135416666,35969.5169921875,36092.0284375,36202.142838541666,-0.3329228731368699,-0.0128486859597384,0.0193659045030543,0.0193659045030543,-0.0029263916192788,Capital Goods,1.0,0.0
989,989,2024-01-03,36647.671875,36939.12607816866,36432.27446149866,36939.12607816866,2547,36929.525,36112.8640625,35916.95755208333,35984.321875,36094.2703125,36195.04778645833,-0.3770367010882109,-0.0078901977355694,0.0079528708989418,0.0079528708989418,-0.0058775197026439,Capital Goods,1.0,0.0
990,990,2024-01-04,36613.0859375,36855.98264608218,36431.82770954281,36855.98264608218,2088,36879.58828125,36233.15859375,35967.24010416667,36007.0591796875,36095.7415625,36188.518359375,-0.3822714970712323,-0.0009437417366638,0.0066341501231776,0.0066341501231776,-0.0049506405514848,Capital Goods,1.0,0.0
991,991,2024-01-05,36786.3125,36980.64780292246,36440.7603684648,36980.64780292246,2568,36881.225,36401.727734375,36049.003645833334,36022.6724609375,36103.7965625,36191.05859375,-0.3560525832850266,0.0047312745720397,0.0052828155288047,0.0052828155288047,-0.0093934974193241,Capital Goods,1.0,1.0
992,992,2024-01-08,37271.15234375,37355.194179185724,36591.47594019342,36929.842288903885,5104,36851.4703125,36624.4703125,36180.32421875,36076.274609375,36130.19703125,36210.437239583334,-0.2826690681939232,0.01317989792399,-0.009157485974628,0.0022548762286878,-0.0182359911302971,Capital Goods,1.0,1.0
993,993,2024-01-09,37740.2734375,37816.23275185508,36941.96763445676,37429.905441369854,17315,37011.69921875,36831.582421875,36321.203385416666,36154.05390625,36177.9534375,36245.306901041666,-0.2116646833304772,0.012586707527133,-0.0082237876904662,0.0020126858508557,-0.0211526237181423,Capital Goods,1.0,1.0
994,994,2024-01-10,36746.5859375,37816.882456929095,36681.30973770953,37740.27591210272,4254,37031.48203125,36980.503515625,36419.070052083334,36195.588671875,36193.75390625,36250.472265625,-0.3620654447202341,-0.0263296317035328,0.0270416951466681,0.0291264206489685,-0.0017763881494049,Capital Goods,1.0,0.0
995,995,2024-01-11,36756.91796875,37297.80352884263,36635.496907720306,36895.907692710774,3431,37060.2484375,36969.918359375,36508.855208333334,36240.4921875,36217.69703125,36256.49270833333,-0.3605016277589633,0.0002811698280643,0.0037813214937918,0.0147152043746563,-0.0033033526133209,Capital Goods,1.0,1.0
996,996,2024-01-12,36664.890625,36979.50069222097,36581.59738453896,36856.781282797616,2173,37035.9640625,36958.59453125,36613.13984375,36295.74375,36225.33078125,36259.1578125,-0.3744305365644749,-0.0025036741064155,0.0052336350804977,0.0085806901877529,-0.0022717438683492,Capital Goods,1.0,0.0
997,997,2024-01-15,36965.2265625,37152.67631736246,36527.94777311861,36818.949705516934,16864,36974.77890625,36913.124609375,36741.23984375,36378.937890625,36255.97546875,36270.960677083334,-0.3289728311261893,0.0081913768834541,-0.0039571475839799,0.0050709754083482,-0.0118294632562861,Capital Goods,1.0,1.0
998,998,2024-01-16,37170.49609375,37637.5199823443,36993.72555175631,37129.471354174864,8648,36860.8234375,36936.261328125,36841.329427083336,36456.1083984375,36295.4078125,36291.76510416667,-0.2979040154370331,0.0055530440454066,-0.0011036909346505,0.0125643706077098,-0.004755668085458,Capital Goods,1.0,1.0
999,999,2024-01-17,37191.703125,37220.29801321032,36766.89709144843,36975.75596404871,4492,36949.846875,36990.664453125,36970.28463541667,36551.7642578125,36346.4403125,36319.76940104167,-0.2946941998291922,0.0005705339847096,-0.0058063262181218,0.000768851270785,-0.0114220645428312,Capital Goods,1.0,1.0
1000,1000,2024-01-18,37337.3828125,37464.344283248516,36531.59095677033,37035.64706150172,11779,37065.93984375,37063.094140625,37001.925520833334,36648.1263671875,36405.58171875,36359.07083333333,-0.2726446762928472,0.0039169942556912,-0.0080813310486579,0.0034003848471675,-0.0215813695291975,Capital Goods,1.0,1.0
1001,1001,2024-01-19,37446.42578125,37529.71901880389,37131.46481964158,37429.90593630707,14359,37222.246875,37129.10546875,37046.47864583333,36765.4166015625,36481.044375,36391.48346354167,-0.2561403471911935,0.0029204770269407,-0.0004411594591011,0.002224330782341,-0.0084109752810139,Capital Goods,1.0,1.0
1002,1002,2024-01-23,37776.55859375,37915.99669405502,37439.8882774108,37439.8882774108,14501,37384.51328125,37179.64609375,37070.254166666666,36902.058203125,36580.05296875,36444.065104166664,-0.2061727000589293,0.0088161368037774,-0.0089121489323514,0.0036911276594711,-0.0089121489323514,Capital Goods,1.0,1.0
1003,1003,2024-01-24,38585.2421875,38715.10056680634,37509.904388621544,37779.25155007114,10361,37667.4625,37264.14296875,37179.99505208333,37047.8626953125,36698.37921875,36524.08359375,-0.083773426420683,0.0214070212812819,-0.0208885727219815,0.0033654934359439,-0.0278691473194074,Capital Goods,1.0,1.0
1004,1004,2024-01-25,38625.01953125,38935.637064930954,38527.84993562826,38577.75647699566,11726,37954.12578125,37451.986328125,37311.81822916667,37216.244921875,36832.2365625,36614.387890625,-0.077752878928577,0.0010308952722573,-0.001223638326347,0.0080418738281711,-0.0025157164138939,Capital Goods,1.0,1.0
1005,1005,2024-01-29,38500.15234375,38891.220787165286,38203.90633025924,38827.28972698961,2706,38186.6796875,37626.309765625,37437.62265625,37298.1140625,36955.83703125,36702.431380208334,-0.096652301606831,-0.003232805808654,0.0084970412667138,0.0101575817135375,-0.0076946712014466,Capital Goods,1.0,0.0
1006,1006,2024-01-30,38654.26171875,38727.47617465445,38228.60960640875,38527.85000880571,10810,38428.246875,37825.246875,37562.152604166666,37391.920703125,37097.98265625,36805.578125,-0.0733268926253358,0.00400282506999,-0.0032703175361119,0.001894084963701,-0.0110117770567788,Capital Goods,1.0,1.0
1007,1007,2024-01-31,38615.1875,38848.2510549273,38427.090519935125,38727.47722132472,2831,38595.97265625,37990.24296875,37651.75494791667,37451.6837890625,37240.84109375,36916.03958333333,-0.0792410177911549,-0.0010108644432095,0.0029079159935381,0.0060355411954764,-0.0048710621970921,Capital Goods,1.0,0.0
1008,1008,2024-02-01,38632.2578125,38727.4779383669,38193.47792040231,38727.4779383669,8349,38605.37578125,38136.419140625,37711.22057291667,37536.340234375,37359.3653125,37016.21197916667,-0.0766573202029684,0.0004420621420004,0.0024647828332748,0.0024647828332748,-0.011357863012493,Capital Goods,1.0,1.0
1009,1009,2024-02-02,38734.46484375,39086.504823369396,38489.47440041252,38681.56390740556,4199,38627.26484375,38290.6953125,37843.745833333334,37640.6798828125,37498.44890625,37131.407942708334,-0.0611876526068815,0.0026456396037233,-0.0013657329863169,0.0090885463640579,-0.0063248697077846,Capital Goods,1.0,1.0
1010,1010,2024-02-05,38277.3203125,39026.91658762289,37928.972642702545,38804.33340606176,2418,38582.6984375,38384.6890625,37945.10598958333,37723.8916015625,37555.0309375,37226.98059895833,-0.1303793105125746,-0.0118020097371698,0.0137682860048502,0.0195833007379593,-0.0091006284388119,Capital Goods,1.0,0.0
1011,1011,2024-02-06,38345.640625,38642.63523441649,38128.59785495828,38372.09109209834,2599,38520.97421875,38474.610546875,38057.155989583334,37801.8580078125,37617.73140625,37335.14791666667,-0.1200386078083682,0.0017848771006493,0.0006897907211149,0.0077451987911987,-0.0056601680531115,Capital Goods,1.0,1.0
1012,1012,2024-02-07,38312.15234375,38574.06421248518,38008.82194458573,38423.046238362076,4946,38460.3671875,38528.169921875,38146.95104166667,37853.9080078125,37653.42046875,37444.095442708334,-0.1251072667153529,-0.0008733269467968,0.0028944835470765,0.0068362608914585,-0.0079173416424814,Capital Goods,1.0,0.0
1013,1013,2024-02-08,38572.16796875,38777.18639379066,37754.40244628023,38479.94223370423,8796,38448.34921875,38526.8625,38240.395833333336,37895.502734375,37718.74203125,37540.862630208336,-0.0857522904544726,0.0067867663154773,-0.0023909917410006,0.0053151906111879,-0.021200921947978,Capital Goods,1.0,1.0
1014,1014,2024-02-09,38463.421875,40090.82358999108,38233.40339328389,39026.91744360788,18832,38394.140625,38510.702734375,38325.177083333336,37981.34453125,37791.37203125,37647.730859375,-0.1022116856850273,-0.0028192891267637,0.0146501673834209,0.0423103727037046,-0.0059801876823033,Capital Goods,1.0,0.0
1015,1015,2024-02-12,37752.00390625,38795.24951812052,37529.720939940686,38463.42168816337,2911,38289.07734375,38435.887890625,38352.81848958333,38031.098828125,37836.92875,37677.37200520833,-0.2098892041869248,-0.018495961463387,0.0188445038223676,0.0276341784256335,-0.0058879779431394,Capital Goods,1.0,0.0
1016,1016,2024-02-13,37578.87890625,38106.09085548623,37430.10671930137,37907.71234375978,4469,38135.725,38328.349609375,38361.648697916666,38076.7982421875,37868.63140625,37704.063671875,-0.2360927458593335,-0.0045858492818003,0.0087504855674416,0.0140294751887488,-0.0039589309547998,Capital Goods,1.0,0.0
1017,1017,2024-02-14,37929.5234375,38028.78677436933,37262.86947905984,37654.487691944436,3252,38059.19921875,38259.783203125,38371.846354166664,38125.0130859375,37894.96625,37721.05026041667,-0.1830205229752232,0.009330893881235,-0.0072512312475733,0.0026170467718344,-0.0175761227145041,Capital Goods,1.0,1.0
1018,1018,2024-02-15,38193.02734375,38428.03646488647,37475.21922714134,38039.76357696852,2139,37983.37109375,38215.86015625,38345.69869791667,38176.1396484375,37913.07640625,37762.846875,-0.1431375737289309,0.0069471979178488,-0.0040128729624403,0.0061531943781598,-0.0187942189067169,Capital Goods,1.0,1.0
1019,1019,2024-02-16,38302.421875,38677.46954655867,38039.81598446346,38259.35408786555,1445,37951.17109375,38172.655859375,38324.1921875,38231.6755859375,37975.30984375,37818.005208333336,-0.1265800334641338,0.0028642539976057,-0.0011244142021881,0.0097917482289406,-0.0068561171247488,Capital Goods,1.0,1.0
1020,1020,2024-02-19,37893.73828125,38496.41048067577,37709.9847273516,38302.47287273882,5655,37979.51796875,38134.29765625,38283.76458333333,38259.493359375,38020.78265625,37860.693619791666,-0.1884368281480783,-0.0106699152101592,0.0107863359496274,0.0159042687990478,-0.0048491798970734,Capital Goods,1.0,0.0
1021,1021,2024-02-20,37045.1796875,38247.37766090519,36797.19484710521,38247.37766090519,7950,37872.778125,38004.2515625,38176.492447916666,38239.4310546875,38035.99421875,37869.322526041666,-0.3168714301570814,-0.0223931085250005,0.0324522106127305,0.0324522106127305,-0.0066941189781424,Capital Goods,1.0,0.0
1022,1022,2024-02-21,37442.78125,37719.36486845879,36951.95040390144,37230.2807513499,7623,37775.4296875,37917.314453125,38098.33203125,38222.7421875,38055.09640625,37875.04348958333,-0.2566919695824471,0.010732882546502,-0.0056753395863214,0.0073868342368073,-0.0131088244439255,Capital Goods,1.0,1.0
1023,1023,2024-02-22,37441.984375,37727.29772810848,37037.640023667365,37727.29772810848,2890,37625.22109375,37804.29609375,38018.98046875,38165.579296875,38065.9559375,37865.10052083333,-0.2568125815522389,-2.1282473507493517e-05,0.0076201450823474,0.0076201450823474,-0.0107992233339698,Capital Goods,1.0,0.0
1024,1024,2024-02-23,38116.5703125,38228.46234065516,37317.76541137986,37487.79856169859,3164,37588.05078125,37769.6109375,37977.7875,38140.1568359375,38102.950625,37910.76666666667,-0.1547098192423347,0.0180168318736445,-0.0164960211699637,0.0029355219327922,-0.0209568934080665,Capital Goods,1.0,1.0
1025,1025,2024-02-26,38047.19921875,38286.302237997246,37929.571840231125,38177.50597792264,3990,37618.74296875,37799.13046875,37962.44609375,38117.5091796875,38131.34328125,37953.776041666664,-0.1652095642008253,-0.0018199720798922,0.0034248712611788,0.0062843789860205,-0.0030916172789114,Capital Goods,1.0,0.0
1026,1026,2024-02-27,38295.38671875,38428.036745755286,37729.34516855973,38047.19914985277,2767,37868.784375,37870.78125,37959.09583333333,38099.5654296875,38165.30171875,38008.12591145833,-0.1276448479621484,0.0065231476980226,-0.0064808738117719,0.0034638644069453,-0.0147809331277264,Capital Goods,1.0,1.0
1027,1027,2024-02-28,37890.9921875,38570.16953645742,37731.341939744554,38295.38723590274,2859,37958.4265625,37866.928125,37931.01848958333,38063.3556640625,38169.8790625,38038.984765625,-0.188852466455743,-0.0105598758988899,0.0106725906358331,0.0179245068483975,-0.0042134090066956,Capital Goods,1.0,0.0
1028,1028,2024-02-29,37859.75,38028.73433106123,37429.056542388316,37759.28969049806,3843,38041.9796875,37833.600390625,37883.52395833333,38024.7302734375,38140.859375,38061.95989583333,-0.1935811651537558,-0.0008245280922019,-0.0026534858128207,0.0044634296597634,-0.0113760248710486,Capital Goods,1.0,0.0
1029,1029,2024-03-01,38108.4375,38158.84310857759,37730.79312843378,37879.06624791066,7003,38040.353125,37814.201953125,37859.85833333333,37993.42890625,38120.19609375,38092.51770833333,-0.155940770816386,0.0065686514041957,-0.0060189099091071,0.0013226889341131,-0.0099097311865965,Capital Goods,1.0,1.0
1030,1030,2024-03-04,38382.17578125,38827.392842794245,37640.56453286173,38124.55663996253,7064,38107.3484375,37863.045703125,37901.869791666664,37998.6716796875,38115.47703125,38127.344140625,-0.1145087854874738,0.0071831410366798,-0.0067119473048038,0.0115995785148204,-0.0193217615545012,Capital Goods,1.0,1.0
1031,1031,2024-03-05,37929.37109375,38434.42531851039,37748.561244603516,38382.17550636539,8398,38034.1453125,37951.46484375,37925.2359375,37977.858203125,38086.48140625,38143.44231770833,-0.1830435811459187,-0.0117972647012157,0.0119380943990923,0.0133156498564672,-0.0047670141616525,Capital Goods,1.0,0.0
1032,1032,2024-03-06,37558.66796875,37923.03643681191,37010.892946188695,37850.42241319378,2533,37967.68046875,37963.053515625,37900.51223958333,37940.183984375,38044.220625,38136.179296875,-0.2391517965049347,-0.0097735109839742,0.0077679656979989,0.009701314976481,-0.0145845167623375,Capital Goods,1.0,0.0
1033,1033,2024-03-07,37864.79296875,37929.971695217406,37330.09503437097,37558.667006640244,2240,37968.6890625,38005.334375,37878.62994791667,37904.815234375,38013.52203125,38112.164322916666,-0.1928178805802206,0.0081505819177268,-0.0080847124230258,0.0017213543600038,-0.0141212427813963,Capital Goods,1.0,1.0
1034,1034,2024-03-11,37220.19921875,37914.699466265905,37130.66765842041,37500.52583655153,6567,37791.04140625,37915.697265625,37806.481770833336,37842.6541015625,37952.95140625,38065.33697916667,-0.2903811394388442,-0.0170235646219427,0.007531572202341,0.0186592297218561,-0.0024054562363676,Capital Goods,1.0,0.0
1035,1035,2024-03-12,37016.98046875,37517.391024899145,36930.840997660336,37249.24473491043,6098,37518.00234375,37812.675390625,37748.03125,37805.9029296875,37902.5378125,38015.89791666667,-0.3211395566763305,-0.005459904951224,0.00627453301753,0.0135184056023045,-0.0023270258675578,Capital Goods,1.0,0.0
1036,1036,2024-03-13,36374.484375,37329.7423727345,36203.20356390926,37036.64281223062,2945,37207.025,37620.58515625,37703.31822916667,37745.683203125,37823.6915625,37939.90533854167,-0.4183853222615317,-0.0173567937096436,0.0182039264228228,0.0262617605210933,-0.0047088175690667,Capital Goods,1.0,0.0
1037,1037,2024-03-14,36721.484375,36810.96524824493,36253.55984163424,36374.48573634847,1877,37039.58828125,37503.634375,37655.231770833336,37685.28125,37760.06484375,37876.781901041664,-0.3658647217686749,0.0095396541273995,-0.0094494720068496,0.002436744449956,-0.012742527741725,Capital Goods,1.0,1.0
1038,1038,2024-03-15,38169.5234375,38977.01132905455,36262.34483578448,36631.40373306791,10358,37100.534375,37534.61171875,37703.734375,37684.1060546875,37743.9590625,37861.357421875,-0.1466950356026421,0.0394330209452487,-0.0402970633613137,0.0211553045160952,-0.0499660050730891,Capital Goods,1.0,1.0
1039,1039,2024-03-18,38114.32421875,38328.27512490256,37070.77842055923,38169.52163425464,3792,37279.359375,37535.200390625,37703.584635416664,37674.701171875,37729.99515625,37840.68606770833,-0.1550497794513066,-0.0014461594952943,0.0014482065899383,0.0056133989133488,-0.0273793598491089,Capital Goods,1.0,0.0
1040,1040,2024-03-19,37970.09375,38228.309415928525,37590.00475015036,38114.323654933454,3565,37469.98203125,37493.9921875,37698.44427083333,37678.5189453125,37738.71875,37830.44518229167,-0.1768799547484714,-0.003784153902932,0.003798513268971,0.0068005011425216,-0.0100102202104687,Capital Goods,1.0,0.0
1041,1041,2024-03-20,37425.01953125,38016.66162322222,37199.34057480009,37763.18316158092,2707,37680.0890625,37443.55703125,37640.41979166667,37697.5109375,37732.564375,37799.7578125,-0.2593803157914823,-0.0143553561478894,0.0090357636299576,0.0158087316822426,-0.0060301626900012,Capital Goods,1.0,0.0
1042,1042,2024-03-21,36982.39453125,37736.33425248244,36732.36274533081,37729.34733630905,2842,37732.27109375,37385.9296875,37579.84661458333,37674.4916015625,37694.67921875,37755.43255208333,-0.3263743526593519,-0.0118269811357187,0.0201975241064469,0.0203864495738739,-0.0067608327986419,Capital Goods,1.0,0.0
1043,1043,2024-03-22,37326.90234375,37379.95144139581,36549.30768792263,36955.79649610736,2599,37563.746875,37332.140625,37544.3234375,37668.7375,37660.03421875,37713.92369791667,-0.2742309601896674,0.0093154544714213,-0.0099420478084428,0.0014212027871285,-0.0208320167761676,Capital Goods,1.0,1.0
1044,1044,2024-03-26,37473.17578125,38195.52226626813,37031.90059202913,37420.871387609914,11526,37435.5171875,37357.43828125,37501.97265625,37636.5677734375,37626.864375,37680.91549479167,-0.2520915689111246,0.0039187135367661,-0.0013957822508936,0.0192763615561926,-0.0117757617287848,Capital Goods,1.0,1.0
1045,1045,2024-03-27,37769.76953125,38038.31740984609,37231.27795048047,37231.27795048047,5168,37395.45234375,37432.7171875,37461.14557291667,37622.6962890625,37621.905625,37681.50768229167,-0.2072002667427435,0.0079148282422436,-0.0142572111890698,0.0071101275419194,-0.0142572111890698,Capital Goods,1.0,1.0
1046,1046,2024-03-28,38614.9375,38876.147562122016,37603.6321085059,37774.11363647493,3448,37633.4359375,37656.7625,37506.85,37638.673828125,37684.6959375,37716.04296875,-0.0792788568405014,0.0223768367993541,-0.0217745752799695,0.0067644823229875,-0.0261894866848897,Capital Goods,1.0,1.0
1047,1047,2024-04-01,38477.74609375,38927.05314415239,38228.46290960478,38927.05314415239,7599,37932.50625,37832.388671875,37568.121875,37668.0115234375,37726.09453125,37734.317057291664,-0.1000436264045056,-0.0035528066373278,0.0116770626145219,0.0116770626145219,-0.0064786327020779,Capital Goods,1.0,0.0
1048,1048,2024-04-02,39650.8515625,39775.26702019327,38477.74753039791,38877.198738675346,5393,38397.29609375,37980.521484375,37687.19244791667,37757.5666015625,37814.44921875,37782.91119791667,0.0775131564779273,0.0304878946363375,-0.0195116319911863,0.0031377751748196,-0.0295858471098149,Capital Goods,1.0,1.0
1049,1049,2024-04-03,40483.63671875,40624.02615937839,39439.04211867681,39650.848599991456,4663,38999.38828125,38217.452734375,37904.75494791667,37876.3265625,37909.131875,37855.618359375,0.2035603509672286,0.0210029576524306,-0.02057098092605,0.0034678070451947,-0.0258028844426763,Capital Goods,1.0,1.0
1050,1050,2024-04-04,40809.77734375,41299.85959787628,39957.7751777787,40483.63808400303,7234,39607.38984375,38501.42109375,38157.608072916664,37997.706640625,38019.635,37952.819661458336,0.2529237557802419,0.0080561098615171,-0.0079916941717134,0.0120089421218403,-0.0208774029516185,Capital Goods,1.0,1.0
1051,1051,2024-04-05,42090.23046875,42369.656420210435,40424.299395003945,40424.299395003945,20003,40302.4484375,38967.9421875,38538.6578125,38205.749609375,38171.42875,38120.988020833334,0.446728271710948,0.0313761360228568,-0.0395799941029766,0.0066387365511788,-0.0395799941029766,Capital Goods,1.0,1.0
1052,1052,2024-04-08,42777.04296875,42859.739671127645,41736.84243940854,41736.84243940854,8735,41162.3078125,39547.40703125,38942.36171875,38466.668359375,38366.87078125,38298.79674479167,0.5506816000279515,0.0163176226965524,-0.0243167937087508,0.0019332028732808,-0.0243167937087508,Capital Goods,1.0,1.0
1053,1053,2024-04-09,42964.34375,43118.20406151433,42400.64935038782,42675.13533514807,5015,41825.00625,40111.151171875,39262.01640625,38721.6458984375,38571.05453125,38482.875390625,0.5790307340453325,0.0043785350330743,-0.006731358834078,0.0035811162951679,-0.0131200514289754,Capital Goods,1.0,1.0
1054,1054,2024-04-10,43771.83203125,44205.21967229002,42390.61776287385,42955.559831481965,20907,42482.6453125,40741.016796875,39639.18359375,39049.2275390625,38797.5903125,38671.384114583336,0.701249089728891,0.0187943818238815,-0.0186483444235386,0.0099010624168212,-0.0315548654072797,Capital Goods,1.0,1.0
1055,1055,2024-04-12,44209.4609375,44466.581002856416,42962.54597887469,42962.54597887469,8802,43162.58203125,41384.9859375,40055.14140625,39408.8515625,39030.68171875,38876.79283854167,0.7674869368449778,0.009997957269359,-0.0282047084986651,0.0058159511539828,-0.0282047084986651,Capital Goods,1.0,1.0
1056,1056,2024-04-15,44278.18359375,44857.99623949121,42869.719604960774,42919.62614699217,13627,43600.17265625,41951.310546875,40512.01901041667,39804.0365234375,39284.63421875,39076.219401041664,0.7778885367692262,0.0015544784938037,-0.0306823211002178,0.0130947703514885,-0.0318094346803339,Capital Goods,1.0,1.0
1057,1057,2024-04-16,44644.6953125,45360.05488782314,43817.942778643104,43918.75399095843,13062,43973.703125,42568.00546875,41022.8390625,40200.1970703125,39568.0753125,39301.34283854167,0.8333623568165434,0.0082774786362675,-0.016260416079899,0.0160233947239605,-0.0185184942593933,Capital Goods,1.0,1.0
1058,1058,2024-04-18,43702.9609375,44595.340614281406,43368.836631512684,44318.00839475099,4936,44121.4265625,42973.21640625,41447.90963541667,40476.8689453125,39801.60203125,39496.116536458336,0.6908250228690932,-0.0210939814553135,0.014073358968299,0.020419204045639,-0.0076453471073767,Capital Goods,1.0,0.0
1059,1059,2024-04-19,44007.94140625,44416.7734753442,42994.58903029172,43702.96173606473,4963,44168.6484375,43325.646875,41883.56067708333,40771.5498046875,40073.11171875,39692.76666666667,0.7369857068960182,0.0069784852606704,-0.0069301053500756,0.0092899612213201,-0.0230265798303023,Capital Goods,1.0,1.0
1060,1060,2024-04-22,44675.5390625,45115.46524941776,44168.839479053306,44321.00375245836,3849,44261.8640625,43712.223046875,42343.9453125,41106.8220703125,40379.4540625,39902.54544270833,0.8380307495296602,0.015169936036935,-0.0079357813577952,0.009847137743594,-0.0113417676446574,Capital Goods,1.0,1.0
1061,1061,2024-04-23,44754.890625,45058.07288193887,44466.73101770086,44814.77847822249,3185,44357.20546875,43978.6890625,42753.27552083333,41473.315625,40714.6703125,40130.062760416666,0.8500411002862782,0.0017761747069014,0.0013381298085228,0.0067742821556469,-0.0064386171717772,Capital Goods,1.0,1.0
1062,1062,2024-04-24,44740.16796875,45706.857727973824,44528.26400271015,44812.980836802664,2950,44376.3,44175.0015625,43170.7703125,41861.204296875,41035.41765625,40369.44609375,0.8478127350208606,-0.0003289619535295,0.0016274607664308,0.0216067530166412,-0.0047363247761577,Capital Goods,1.0,0.0
1063,1063,2024-04-25,44854.25390625,45140.46792899493,44466.7296016965,44935.80041733476,2717,44606.55859375,44363.992578125,43517.663802083334,42237.571875,41302.806875,40602.428125,0.8650803486960494,0.0025499666782584,0.0018180329396448,0.0063809783425032,-0.0086396332745488,Capital Goods,1.0,1.0
1064,1064,2024-04-26,45117.4609375,45704.41257588882,44646.4445391288,45205.34714046745,3638,44828.4625,44498.55546875,43826.58541666667,42619.7861328125,41582.93234375,40865.670182291666,0.9049183640712428,0.0058680505933758,0.001947942130192,0.0130094120146058,-0.0104397807098162,Capital Goods,1.0,1.0
1065,1065,2024-04-29,45136.2265625,45632.64851052637,44816.126772118005,45414.806448038114,3158,44920.6,44591.23203125,44115.015364583334,42988.108984375,41869.57765625,41136.31171875,0.90775865771281,0.0004159282151536,0.0061719799538928,0.0109983041524079,-0.007091859793347,Capital Goods,1.0,1.0
1066,1066,2024-04-30,45054.1796875,45295.62597854437,41931.57803535901,41931.57803535901,5056,44980.4578125,44668.831640625,44312.611979166664,43310.07109375,42174.7440625,41425.63489583333,0.8953403547054256,-0.0018177610590993,-0.069307701833651,0.0053590209103586,-0.069307701833651,Capital Goods,1.0,0.0
1067,1067,2024-05-02,44866.78125,45469.85113324855,44227.37706423331,45369.53898224665,5870,45005.78046875,44691.040234375,44451.92786458333,43629.5228515625,42490.11953125,41697.144791666666,0.8669764398093937,-0.004159401831302,0.0112055671978175,0.0134413449426695,-0.0142511713109949,Capital Goods,1.0,0.0
1068,1068,2024-05-03,44216.6484375,45295.17954468078,43618.31965849603,45295.17954468078,5622,44878.259375,44742.408984375,44535.41484375,43857.8126953125,42765.709375,41898.715625,0.768574809513688,-0.0144902931386458,0.0243919687559603,0.0243919687559603,-0.0135317533134539,Capital Goods,1.0,0.0
1069,1069,2024-05-06,44173.67578125,45414.95284315351,44017.62036508008,45414.95284315351,3109,44689.50234375,44758.982421875,44562.204427083336,44042.3146484375,43033.729375,42100.694010416664,0.7620706316721227,-0.0009718659773759,0.0280999269349999,0.0280999269349999,-0.003532769537738,Capital Goods,1.0,0.0
1070,1070,2024-05-07,44056.1484375,44514.540048619936,43753.067552405446,44177.273180551274,1819,44473.48671875,44697.043359375,44551.98359375,44204.633203125,43285.18453125,42303.5625,0.7442821398332744,-0.0026605742372901,0.0027493266512643,0.0104047136977993,-0.0068794230962908,Capital Goods,1.0,0.0
1071,1071,2024-05-08,43852.6796875,44490.63345544824,43418.89046408026,44116.03417073614,3182,44233.18671875,44606.822265625,44523.61666666667,44292.7556640625,43494.69421875,42517.81783854167,0.7134858835464417,-0.0046183962333577,0.0060054365004107,0.0145476575774703,-0.0098919661583051,Capital Goods,1.0,0.0
1072,1072,2024-05-09,43174.44921875,44299.042443768405,42919.82448474389,43917.75646716709,2268,43894.7203125,44450.250390625,44425.600260416664,44312.6259765625,43682.56234375,42724.21966145833,0.610831498845284,-0.0154661123010762,0.0172163689836786,0.0260476565507641,-0.0058975792074617,Capital Goods,1.0,0.0
1073,1073,2024-05-10,46735.6796875,47136.33175050127,43381.31280232563,43472.59108886912,22345,44398.5265625,44638.39296875,44627.781510416666,44501.1927734375,43965.95546875,43037.84557291667,1.1498458006095715,0.0824846763118268,-0.0698200736664076,0.0085727235739427,-0.0717731486436803,Capital Goods,1.0,1.0
1074,1074,2024-05-13,47189.08203125,47909.284148089566,46537.80163152025,46962.057942199084,10677,45001.6078125,44845.555078125,44839.85755208333,44672.0552734375,44234.17328125,43361.70911458333,1.2184710552453604,0.0097014175632341,-0.0048109452288258,0.0152620497335087,-0.0138015060199402,Capital Goods,1.0,1.0
1075,1075,2024-05-14,47736.95703125,47900.29958559391,46512.89770136854,47240.433719783236,4283,45737.76953125,45105.628125,45043.95208333333,44848.430078125,44511.26046875,43693.94869791667,1.3013953318880804,0.0116102067770078,-0.0104012350670305,0.0034217211255627,-0.0256417544394409,Capital Goods,1.0,1.0
1076,1076,2024-05-15,49193.328125,50007.35453280574,47226.56193927673,47226.56193927673,16605,46805.89921875,45519.54296875,45339.847916666666,45094.1873046875,44795.384375,44046.56171875,1.5218261226206125,0.0305082515585695,-0.0399803440971857,0.0165474961510492,-0.0399803440971857,Capital Goods,1.0,1.0
1077,1077,2024-05-16,55633.3203125,58883.73354591837,46166.74676141904,47300.47528896362,161644,49297.6734375,46596.196875,46066.05807291667,45643.6185546875,45309.63546875,44618.41419270833,2.4965588513145787,0.1309119027510399,-0.1497815513568063,0.0584256559766764,-0.1701601396052926,Capital Goods,1.0,1.0
1078,1078,2024-05-17,52813.1015625,55251.08694354248,52501.684725345855,53200.37634716605,29100,50513.1578125,47455.8421875,46596.64791666667,46099.1255859375,45703.58578125,45057.155859375,2.069701265518573,-0.0506929792102726,0.0073329301481706,0.0461625109852206,-0.0058965830057454,Capital Goods,1.0,0.0
1079,1079,2024-05-21,53188.046875,56394.292760941265,52303.0556990297,52303.0556990297,56216,51712.95078125,48357.279296875,47134.68697916667,46558.130859375,46080.234375,45480.63619791667,2.126451562246187,0.0070994753462127,-0.0166389109577602,0.0602813239876325,-0.0166389109577602,Capital Goods,1.0,1.0
1080,1080,2024-05-22,52887.3125,54078.92868438685,52557.578411775554,53749.34665516017,4353,52743.021875,49240.395703125,47651.426041666666,46968.71953125,46427.3484375,45883.220703125,2.080933550823006,-0.0056541721809558,0.0162994509346672,0.0225312296666018,-0.0062346538827142,Capital Goods,1.0,0.0
1081,1081,2024-05-23,53270.046875,54230.24879338066,52900.937291242284,53409.98404630896,4436,53558.365625,50182.132421875,48199.15052083333,47394.47734375,46787.02296875,46255.88125,2.1388627704318184,0.0072367900146183,0.0026269391434425,0.0180251750225377,-0.0069290268248466,Capital Goods,1.0,1.0
1082,1082,2024-05-24,51867.5703125,53790.87102052589,51503.55276489907,53300.188326465315,3044,52805.215625,51051.44453125,48665.869791666664,47750.8474609375,47075.93796875,46558.898828125,1.9265892510091744,-0.0263276765231868,0.027620688714236,0.0370809871454953,-0.0070182109053449,Capital Goods,1.0,0.0
1083,1083,2024-05-27,50836.19921875,52533.22438252801,50431.55853807028,52002.61647139021,8993,52409.83515625,51461.496484375,49107.173177083336,48049.9447265625,47361.2675,46821.29401041667,1.7704848441655878,-0.0198847003539211,0.0229446195932365,0.0333822195572814,-0.0079596957856454,Capital Goods,1.0,0.0
1084,1084,2024-05-28,51800.59765625,52830.96502340629,51205.11122586198,51503.50166653523,10031,52132.3453125,51922.648046875,49615.63463541667,48384.1015625,47672.97375,47088.91953125,1.916452524430351,0.0189707030092898,-0.0057353776434454,0.0198910324161476,-0.0114957443993152,Capital Goods,1.0,1.0
1085,1085,2024-05-29,52110.9140625,53100.560792303935,51241.04303373134,51703.1776135591,6942,51977.065625,52360.04375,50152.61901041667,48732.8359375,47970.38875,47352.30130208333,1.963420835666764,0.0059905950952393,-0.0078243964105461,0.0189911604432229,-0.0166926841414711,Capital Goods,1.0,1.0
1086,1086,2024-05-30,52016.2421875,53170.43239932198,51802.99308287611,52202.24543804279,5589,51726.3046875,52642.33515625,50696.85651041667,49080.9390625,48260.8428125,47610.236588541666,1.9490916606673845,-0.0018167379464204,0.003575868665643,0.0221890348722526,-0.0040996637906906,Capital Goods,1.0,0.0
1087,1087,2024-05-31,51328.48046875,52648.70734368507,50866.84495781766,52568.205752517664,4830,51618.48671875,52211.851171875,51240.45859375,49404.0240234375,48524.3753125,47833.02942708333,1.8449946622098936,-0.0132220569927151,0.0241527758555493,0.0257211369375887,-0.0089937497996535,Capital Goods,1.0,0.0
1088,1088,2024-06-03,53134.5,53779.29255738814,51968.68311605365,53779.29255738814,10138,52078.146875,52243.991015625,51667.046614583334,49849.9166015625,48855.58515625,48147.4140625,2.1183469108642963,0.0351855249708696,0.0121351016267798,0.0121351016267798,-0.0219408648608031,Capital Goods,1.0,1.0
1089,1089,2024-06-04,49703.07421875,53134.5000764837,47934.787864136146,53000.75053652336,6723,51658.6421875,51895.49375,51834.64609375,50126.3865234375,49039.0096875,48337.25182291667,1.5989793530028549,-0.0645799956948875,0.0663475322121893,0.069038503385757,-0.0355770016726004,Capital Goods,1.0,0.0
1090,1090,2024-06-05,50579.28125,51338.7574325196,49421.99924877158,50904.62121148664,5956,51352.315625,51664.690625,52024.134375,50452.5431640625,49256.731875,48534.043229166666,1.7315987173755156,0.0176288297056575,0.006432277277302,0.0150155590144847,-0.0228805545003354,Capital Goods,1.0,1.0
1091,1091,2024-06-06,51932.94921875,52617.4174787509,50929.328605653536,51403.74099897363,4172,51335.65703125,51530.980859375,52206.77578125,50856.556640625,49531.88265625,48773.311848958336,1.936484753648414,0.0267632899340577,-0.0101902208085131,0.0131798457491372,-0.0193253152034376,Capital Goods,1.0,1.0
1092,1092,2024-06-07,52217.9140625,53479.801007324684,51902.85561485471,52651.352390196356,4986,51513.54375,51566.015234375,51979.08203125,51308.7298828125,49825.92796875,49022.570052083334,1.9796159487870395,0.0054871685131857,0.0083005676400165,0.0241657861574922,-0.0060335318501654,Capital Goods,1.0,1.0
1093,1093,2024-06-10,53082.54296875,54628.647620168165,52160.92120877313,52851.02730315789,6532,51503.15234375,51790.649609375,51997.04479166667,51626.073046875,50180.56375,49296.846354166664,2.1104828921868437,0.0165580897240575,-0.0043614275549761,0.0291264239606676,-0.0173620499025345,Capital Goods,1.0,1.0
1094,1094,2024-06-11,53298.390625,53899.06655764887,53101.11161966986,53499.8142127774,8621,52222.215625,51940.42890625,52004.401041666664,51931.5384765625,50545.55234375,49569.54401041667,2.143152772651471,0.0040662644285348,0.0037791682903633,0.011270057605963,-0.0037014064217842,Capital Goods,1.0,1.0
1095,1095,2024-06-12,54413.10546875,56244.675651913465,53275.23625414164,53275.23625414164,30151,52988.98046875,52170.648046875,52106.12057291667,52265.3458984375,50959.830625,49878.77330729167,2.3118717725709264,0.0209146060636798,-0.020911675685591,0.0336604604237364,-0.020911675685591,Capital Goods,1.0,1.0
1096,1096,2024-06-13,54466.25390625,55005.544785787235,54248.41184763461,54413.103438340404,6546,53495.64140625,52415.64921875,52185.86770833333,52528.9921875,51384.37359375,50192.509114583336,2.319916117967921,0.0009767580262538,-0.0009758421792892,0.0099013763727076,-0.0039995785094812,Capital Goods,1.0,1.0
1097,1097,2024-06-14,57818.52734375,58390.65517155575,54536.92261656569,54797.3840840754,26274,54615.7640625,53064.65390625,52582.59817708333,52638.2525390625,51970.13671875,50624.233984375,2.8273034780651924,0.0615477143566748,-0.052252165499009,0.0098952334846624,-0.0567569752801572,Capital Goods,1.0,1.0
1098,1098,2024-06-18,56861.76953125,58590.23199716757,56394.39474647062,57818.52866651284,8546,55371.609375,53437.380859375,52984.30286458333,52840.6859375,52375.1803125,51045.738020833334,2.6824922537460796,-0.0165475991253074,0.016826052779399,0.0303976200559084,-0.0082194906812127,Capital Goods,1.0,0.0
1099,1099,2024-06-19,55083.3984375,58334.75897129318,54908.2771609364,57192.89728723392,5284,55728.6109375,53975.41328125,53203.15625,52935.453515625,52690.95296875,51409.39544270833,2.413324767455334,-0.0312753385694872,0.0382964542779156,0.0590261426495373,-0.0031792024735419,Capital Goods,1.0,0.0
1100,1100,2024-06-20,55320.60546875,56661.84385643039,55096.82530229385,55254.47929707832,5790,55910.1109375,54449.545703125,53417.13567708333,53057.1181640625,52994.29890625,51784.87734375,2.4492275216984987,0.0043063252809128,-0.0011953262461857,0.0242448248047111,-0.0040451503478673,Capital Goods,1.0,1.0
1101,1101,2024-06-21,55436.0859375,56872.44691442137,55151.72001842144,55517.932667054076,8722,56104.07734375,54799.859375,53645.125260416666,53165.4201171875,53244.00921875,52170.990885416664,2.466706206320823,0.0020874765879999,0.0014764160955798,0.0259102162901754,-0.0051296175454949,Capital Goods,1.0,1.0
1102,1102,2024-06-24,57099.82421875,57359.98547531748,55321.654040480775,55795.41530723608,7538,55960.33671875,55288.050390625,54029.881510416664,53427.0328125,53302.669375,52635.17005208333,2.7185233060159337,0.0300118280920074,-0.0228443594942905,0.0045562531956455,-0.0311414299885939,Capital Goods,1.0,1.0
1103,1103,2024-06-25,57795.87109375,58619.32905900101,56793.646330645024,57142.94144775176,8582,56147.15703125,55759.383203125,54340.63958333333,53775.01640625,53501.98015625,53003.843098958336,2.8238743142181715,0.0121900003112695,-0.0112971676633981,0.0142476953745585,-0.0173407675001433,Capital Goods,1.0,1.0
1104,1104,2024-06-26,57285.42578125,59881.864437515906,56904.588161507345,57876.86901815963,23395,56587.5625,56158.08671875,54846.1296875,54049.2578125,53665.8753125,53340.387890625,2.746615252744788,-0.0088318646789147,0.0103244975287102,0.045324593836147,-0.0066480717311401,Capital Goods,1.0,0.0
1105,1105,2024-06-27,56971.01171875,58389.60517142153,56616.32826504487,57367.07081482472,7391,56917.64375,56413.87734375,55272.24505208333,54292.2626953125,53829.22328125,53648.189713541666,2.699026735840181,-0.0054885524234492,0.0069519407173239,0.0249002678708731,-0.0062256829044234,Capital Goods,1.0,0.0
1106,1106,2024-06-28,56605.19921875,57878.01493796112,56095.95362323373,57392.52563719399,11456,57151.46640625,56627.771875,55583.72838541667,54521.710546875,53962.629375,53895.25208333333,2.643658746884005,-0.0064210286769333,0.0139090830755912,0.0224858447064613,-0.0089964456011947,Capital Goods,1.0,0.0
1107,1107,2024-07-01,56566.21875,56893.45750330678,56095.003522925086,56594.018253289374,3549,57044.7453125,56502.541015625,55873.61536458333,54783.5974609375,54150.5753125,53926.34869791667,2.6377588113616905,-0.0006886376037536,0.0004914506202409,0.0057850561790782,-0.0083303292581301,Capital Goods,1.0,0.0
1108,1108,2024-07-02,56681.75390625,57093.085193244435,56145.96037974926,57088.09453894433,2364,56821.921875,56484.539453125,56113.562760416666,54960.96015625,54384.3975,54055.30377604167,2.65524577327606,0.0020424762128898,0.0071688083852592,0.0072568553131713,-0.0094526631513013,Capital Goods,1.0,1.0
1109,1109,2024-07-03,56396.0390625,57275.9421037351,56145.859121505164,57242.80493890458,6928,56644.04453125,56615.803515625,56320.07265625,55295.6083984375,54568.21515625,54162.23684895833,2.6120010609893947,-0.0050406845953031,0.0150146338374252,0.0156022134863045,-0.0044361261030686,Capital Goods,1.0,0.0
1110,1110,2024-07-04,58518.515625,58889.718920787374,56378.56991465096,56543.11334141837,22289,56953.5453125,56935.59453125,56593.76666666667,55692.5701171875,54824.51921875,54349.943619791666,2.933251042529782,0.0376352062624078,-0.0337568761354176,0.0063433477733121,-0.0365686943268059,Capital Goods,1.0,1.0
1111,1111,2024-07-05,57473.421875,58490.61466212004,57177.92446367549,58490.56787473749,4504,57127.18984375,57139.328125,56794.24453125,55969.59375,55042.80640625,54490.05611979167,2.775069626618164,-0.0178591978767404,0.0176976760136138,0.0176984900835093,-0.0051414619433517,Capital Goods,1.0,0.0
1112,1112,2024-07-08,57412.984375,58390.653522439825,56306.50566423079,58390.653522439825,4047,57296.54296875,57170.644140625,56767.208333333336,56229.347265625,55286.1865625,54674.90325520833,2.7659220364386625,-0.0010515730232914,0.0170287115028555,0.0170287115028555,-0.0192722730374388,Capital Goods,1.0,0.0
1113,1113,2024-07-09,56669.52734375,58171.06707692544,56444.30067261726,58171.06707692544,3849,57294.09765625,57058.009765625,56754.3921875,56408.696484375,55427.58765625,54869.34752604167,2.6533952072689604,-0.0129492838483019,0.0264964223905961,0.0264964223905961,-0.0039743876769351,Capital Goods,1.0,0.0
1114,1114,2024-07-10,56863.31640625,57075.06830920951,55200.18085614118,56202.40171609036,4421,57387.553125,57015.798828125,56873.053385416664,56586.9427734375,55713.99734375,55038.104817708336,2.682726382863911,0.0034196343534771,-0.0116228657055077,0.0037238753618711,-0.0292479520228268,Capital Goods,1.0,1.0
1115,1115,2024-07-11,56912.02734375,57392.52599309354,56544.61380472601,57392.52599309354,2299,57066.25546875,57009.900390625,56979.148177083334,56711.8888671875,55967.3071875,55198.141927083336,2.6900990851350057,0.0008566320182944,0.0084428313621884,0.0084428313621884,-0.0064558153376754,Capital Goods,1.0,1.0
1116,1116,2024-07-12,56405.07421875,57192.899706008386,55803.30266781027,57192.899706008386,7283,56852.5859375,56989.887890625,57043.747395833336,56808.8298828125,56146.1921875,55344.436328125,2.613368587882181,-0.0089076623810638,0.0139672803940127,0.0139672803940127,-0.0106687484995754,Capital Goods,1.0,0.0
1117,1117,2024-07-15,56034.265625,56892.459294158245,55795.51350977115,56434.317242262274,2503,56576.8421875,56936.692578125,56972.71015625,56719.616796875,56298.84625,55501.29583333333,2.557244409174222,-0.006574029001574,0.0071394103732804,0.0153155155972162,-0.0042608234901596,Capital Goods,1.0,0.0
1118,1118,2024-07-16,56141.21875,56555.489840543305,55896.32578613085,56394.39308077343,2383,56471.18046875,56882.6390625,56862.4,56683.5892578125,56421.19328125,55601.519791666666,2.573432427472745,0.0019087093193255,0.0045095980530958,0.0073790897270697,-0.0043620884854614,Capital Goods,1.0,1.0
1119,1119,2024-07-18,54939.66796875,56544.11262295441,54709.548121613014,56141.21866514189,4186,56086.45078125,56737.001953125,56706.01614583333,56676.402734375,56486.844375,55776.072916666664,2.391570270256863,-0.0214022924333113,0.0218703669100319,0.0292037559294502,-0.0041885918798759,Capital Goods,1.0,0.0
1120,1120,2024-07-19,53298.29296875,55376.19867135834,52904.77987768373,55376.19867135834,4248,55363.70390625,56214.9796875,56461.168229166666,56575.287109375,56442.251875,55866.706640625,2.14313799177282,-0.0298759541272368,0.0389863462198809,0.0389863462198809,-0.0073832212843476,Capital Goods,1.0,0.0
1121,1121,2024-07-22,53995.53515625,54891.209458447556,52855.17062909656,53350.09538411503,4493,54881.79609375,55867.191015625,56287.190625,56503.2595703125,56423.423125,55935.45950520833,2.248669917929745,0.0130818859040909,-0.0119535767219867,0.0165879326800946,-0.0211196078315272,Capital Goods,1.0,1.0
1122,1122,2024-07-23,53401.0,55783.53840115138,53041.474038233515,53998.88039475898,10384,54355.14296875,55465.992578125,56076.176041666666,56318.318359375,56246.72203125,55974.895703125,2.1586833374676,-0.0110108207008146,0.0111960524102352,0.0446159884861965,-0.0067325698351432,Capital Goods,1.0,0.0
1123,1123,2024-07-24,54230.44921875,55600.0,53502.05078125,53580.0,6092,53972.9890625,55222.084765625,55912.75572916667,56140.047265625,56141.46921875,56013.15924479167,2.2842256171421846,0.0155324660352802,-0.0119941698459158,0.0252542769049473,-0.0134315398082329,Capital Goods,1.0,1.0
1124,1124,2024-07-25,53829.69921875,54994.94921875,53507.44921875,54230.44921875,6347,53750.9953125,54918.723046875,55741.66640625,55967.2609375,56091.32125,56030.86953125,2.2235696210398435,-0.007389759918519,0.0074447750185535,0.0216469721531364,-0.0059864722388742,Capital Goods,1.0,0.0
1125,1125,2024-07-26,54453.75,55199.8984375,53835.0,54900.0,4741,53982.08671875,54672.8953125,55470.68203125,55841.3978515625,56056.64703125,56032.224348958334,2.3180235742654527,0.0115930571841766,0.008195027890641,0.0137024252232398,-0.0113628537979477,Capital Goods,1.0,1.0
1126,1126,2024-07-29,53990.44921875,55109.55078125,53600.0,54453.75,4554,53981.06953125,54431.4328125,55238.48385416667,55710.6603515625,55998.8215625,56016.36419270833,2.2479001297696035,-0.0085081519867777,0.0085811618157292,0.0207277690534819,-0.0072318201533764,Capital Goods,1.0,0.0
1127,1127,2024-07-30,53949.8515625,54757.19921875,53501.0,54300.0,7902,54090.83984375,54222.99140625,55007.60833333333,55579.8419921875,55872.82265625,55887.40833333333,2.2417554228968295,-0.0007519414421893,0.0064902576626064,0.0149647799366918,-0.0083197923534601,Capital Goods,1.0,0.0
1128,1128,2024-07-31,54456.94921875,56750.0,54100.1015625,54300.0,12169,54136.13984375,54054.564453125,54860.103125,55468.6017578125,55739.26578125,55807.24765625,2.318507795850058,0.0093994263480509,-0.0028820787980528,0.04210758799651,-0.0065528396535136,Capital Goods,1.0,1.0
1129,1129,2024-08-01,54121.0,55193.6015625,53801.05078125,54990.0,2498,54194.4,53972.69765625,54677.28203125,55354.8498046875,55612.68875,55775.167708333334,2.267659799585343,-0.0061690789434515,0.016056613883705,0.0198185835904731,-0.0059117388582989,Capital Goods,1.0,0.0
1130,1130,2024-08-02,53927.3515625,54350.0,53534.05078125,53900.0,4137,54089.1203125,54035.603515625,54478.30364583333,55125.2916015625,55490.94234375,55728.725911458336,2.23834990845565,-0.0035780646606677,-0.0005071927641078,0.007837366851034,-0.0072931595907167,Capital Goods,1.0,0.0
1131,1131,2024-08-05,53097.44921875,55408.44921875,52050.5,52900.0,7732,53910.5203125,53945.794921875,54257.7953125,54906.49296875,55350.63234375,55650.77135416667,2.112739045504125,-0.0153892657381509,-0.0037186196635652,0.0435237480143195,-0.0197175049678336,Capital Goods,1.0,0.0
1132,1132,2024-08-06,51158.0,54000.0,49500.0,54000.0,26187,53352.15,53721.494921875,53932.7109375,54593.74375,55134.30359375,55452.710546875,1.8191913867313527,-0.0365262220179332,0.055553383635013,0.055553383635013,-0.0324093983345713,Capital Goods,1.0,0.0
1133,1133,2024-08-07,51574.25,51999.0,50944.05078125,51999.0,11857,52775.61015625,53455.875,53628.246354166666,54338.9798828125,54930.0034375,55245.32317708333,1.8821934038931731,0.0081365573321865,0.0082356990164664,0.0082356990164664,-0.0122192609441726,Capital Goods,1.0,1.0
1134,1134,2024-08-08,51478.1484375,52392.69921875,51300.0,52076.0,5450,52247.03984375,53220.719921875,53397.47838541667,54069.721484375,54733.2878125,55051.747265625,1.8676478368303435,-0.0018633632578273,0.0116136959204322,0.0177658056672407,-0.0034606613273259,Capital Goods,1.0,0.0
1135,1135,2024-08-09,51951.8515625,52224.94921875,50750.0,51878.8515625,3120,51851.93984375,52970.530078125,53307.715625,53821.7126953125,54470.62125,54884.44192708333,1.939345740520092,0.0092020233706565,-0.0014051472239093,0.005256745390902,-0.0231339505013431,Capital Goods,1.0,1.0
1136,1136,2024-08-12,51007.3515625,51900.0,50850.0,51900.0,2256,51433.9203125,52672.2203125,53108.50338541667,53551.8265625,54211.9784375,54697.847005208336,1.7963898120892472,-0.0181802952463346,0.0175003878883268,0.0175003878883268,-0.0030848800747318,Capital Goods,1.0,0.0
1137,1137,2024-08-13,51298.3984375,51728.30078125,51016.05078125,51395.0,1947,51462.0,52407.075,52968.32994791667,53315.033203125,53967.395,54522.25299479167,1.8404415603502544,0.0057059789635103,0.0018831301842239,0.0083804242792058,-0.0055040247814753,Capital Goods,1.0,1.0
1138,1138,2024-08-14,51075.3984375,51698.94921875,50760.1484375,51550.0,16252,51362.2296875,52068.919921875,52757.99322916667,53061.7421875,53743.62984375,54335.37447916667,1.8066891283332311,-0.004347114272421,0.009292175431206,0.0122084369447068,-0.0061722474937864,Capital Goods,1.0,0.0
1139,1139,2024-08-16,51384.30078125,52600.0,51048.0,51080.0,6305,51343.46015625,51795.25,52594.96666666667,52883.973828125,53524.46921875,54168.31653645833,1.8534434124467785,0.0060479673815564,-0.0059220574499097,0.023658961983844,-0.0065448157537781,Capital Goods,1.0,1.0
1140,1140,2024-08-19,52044.30078125,52850.0,51616.55078125,51990.0,18290,51361.95,51606.944921875,52434.33671875,52821.27421875,53329.76015625,53952.509375,1.953338502721376,0.0128443900172877,-0.0010433569177581,0.015481026868561,-0.0082189594937185,Capital Goods,1.0,1.0
1141,1141,2024-08-20,52017.75,52944.0,51555.6015625,52044.30078125,15890,51564.0296875,51498.975,52302.8234375,52722.3849609375,53154.2671875,53770.653645833336,1.949319877433755,-0.000510157324653,0.0005104177179904,0.0178064218463889,-0.0088844372834272,Capital Goods,1.0,0.0
1142,1142,2024-08-21,52398.25,53072.3984375,51901.05078125,52300.0,3192,51784.0,51623.0,52199.38333333333,52672.2474609375,53008.8265625,53603.495833333334,2.006910910539035,0.0073148108097716,-0.0018750626213661,0.0128658578769329,-0.0094888516076395,Capital Goods,1.0,1.0
1143,1143,2024-08-22,52212.55078125,52919.94921875,51992.3515625,52398.25,2443,52011.43046875,51686.830078125,52049.75677083333,52571.3525390625,52851.67984375,53454.929947916666,1.9788041829315293,-0.0035439965790842,0.0035566011614334,0.0135484366673392,-0.0042173618307319,Capital Goods,1.0,0.0
1144,1144,2024-08-23,52274.69921875,52910.8984375,51632.05078125,52704.69921875,3440,52189.51015625,51766.48515625,51926.67005208333,52493.6025390625,52745.08109375,53301.97604166667,1.9882107341049955,0.0011902969031407,0.0082257766458035,0.0121703085480748,-0.0122936802526736,Capital Goods,1.0,1.0
1145,1145,2024-08-26,52209.30078125,52825.80078125,51840.05078125,52800.0,3146,52222.51015625,51792.230078125,51812.13333333333,52381.380078125,52701.52140625,53145.218489583334,1.9783122752900255,-0.0012510533485105,0.011314061094688,0.0118082408838045,-0.007072494641273,Capital Goods,1.0,0.0
1146,1146,2024-08-27,52344.25,52998.94921875,52107.05078125,52209.30078125,4724,52287.81015625,51925.919921875,51761.92005208333,52299.0701171875,52635.47,53009.857682291666,1.998737675880204,0.0025847735313563,-0.0025781097016386,0.0125075670918963,-0.0045315238779808,Capital Goods,1.0,1.0
1147,1147,2024-08-28,50855.0,52750.0,50700.0,52344.25,9967,51979.16015625,51881.580078125,51741.720052083336,52144.3275390625,52533.63,52837.215494791664,1.773330458923469,-0.0284510715121527,0.0292842395044734,0.0372628060171074,-0.0030478812309507,Capital Goods,1.0,0.0
1148,1148,2024-08-29,51003.05078125,51250.0,50501.0,51222.0,4154,51737.26015625,51874.3453125,51703.64010416667,51971.6326171875,52404.5340625,52665.94322916667,1.7957388621934594,0.0029112335316094,0.0042928651403435,0.0048418519082154,-0.0098435441323554,Capital Goods,1.0,1.0
1149,1149,2024-08-30,50968.94921875,51495.0,50800.0,51495.0,1718,51476.11015625,51832.81015625,51669.69348958333,51814.030078125,52290.1040625,52533.5859375,1.7905773793685469,-0.000668618092009,0.0103210050297932,0.0103210050297932,-0.003314747926721,Capital Goods,1.0,0.0
1150,1150,2024-09-02,50181.94921875,51380.0,49900.0,50968.94921875,3801,51070.63984375,51646.575,51551.7,51626.7599609375,52119.23203125,52429.7078125,1.671460052025958,-0.0154407734917651,0.015682930062548,0.0238741380098157,-0.0056185386008212,Capital Goods,1.0,0.0
1151,1151,2024-09-03,50746.44921875,51124.19921875,50298.1015625,50789.0,1888,50751.0796875,51519.444921875,51534.30651041667,51509.2099609375,51989.47203125,52321.404947916664,1.7569006254502164,0.0112490648288544,0.0008384977058508,0.007443870572533,-0.0088350547309691,Capital Goods,1.0,1.0
1152,1152,2024-09-04,50300.1015625,51000.0,50140.0,50145.0,2108,50640.1,51309.630078125,51467.75338541667,51466.3150390625,51843.48203125,52218.041666666664,1.6893431414881726,-0.008795643106495,-0.003083523843531,0.0139144537636837,-0.0031829272213509,Capital Goods,1.0,0.0
1153,1153,2024-09-05,49725.8984375,51068.94921875,49011.1484375,50350.0,9864,50384.66953125,51060.96484375,51377.78671875,51373.8974609375,51654.24,52067.889973958336,1.6024339399611554,-0.0114155460359563,0.0125508353214458,0.0270090802469475,-0.0143737976076664,Capital Goods,1.0,0.0
1154,1154,2024-09-06,49024.8984375,50299.0,48826.69921875,50299.0,4546,49995.859375,50735.984765625,51220.49322916667,51251.2349609375,51450.3959375,51907.72994791667,1.4963332455937417,-0.0140972817390334,0.0259888669453196,0.0259888669453196,-0.0040428277276836,Capital Goods,1.0,0.0
1155,1155,2024-09-09,49484.3515625,49880.0,48890.0,49200.0,7612,49856.33984375,50463.48984375,51049.82994791667,51127.8599609375,51272.6759375,51742.083333333336,1.5658743234707433,0.0093718322657157,-0.0057462925858663,0.0079954253214833,-0.0120108992789229,Capital Goods,1.0,1.0
1156,1156,2024-09-10,50253.75,50800.0,49800.0,50000.0,9360,49757.8,50254.43984375,50932.22994791667,51090.1798828125,51158.92796875,51617.526692708336,1.6823275452452844,0.0155483180683539,-0.0050493744247941,0.010869835584409,-0.009029176927095,Capital Goods,1.0,1.0
1157,1157,2024-09-11,51248.8984375,51388.94921875,49907.1015625,50180.0,3104,49947.559375,50293.8296875,50855.60651041667,51087.7048828125,51162.56390625,51527.494921875,1.8329494285796597,0.0198024712086162,-0.0208570031764402,0.0027327569083421,-0.0261819651916298,Capital Goods,1.0,1.0
1158,1158,2024-09-12,51301.05078125,51498.0,50652.3515625,51256.0,2082,50262.58984375,50323.6296875,50794.83984375,51098.9875,51151.6359375,51422.29830729167,1.840843009014414,0.0010176285801264,-0.0008781648828617,0.0038390874212266,-0.0126449499351598,Capital Goods,1.0,1.0
1159,1159,2024-09-13,50440.05078125,51600.0,50251.0,51301.05078125,3087,50545.6203125,50270.73984375,50672.529947916664,51051.775,51110.11203125,51299.6,1.7105253230652795,-0.0167832819579338,0.0170697686989653,0.0229965910181277,-0.0037480291617841,Capital Goods,1.0,0.0
1160,1160,2024-09-16,49576.80078125,50900.0,49440.05078125,50900.0,16116,50564.11015625,50210.225,50497.029947916664,50928.4,51015.11,51154.581640625,1.5798670856720272,-0.0171143761084573,0.0266898871629175,0.0266898871629175,-0.0027583466025448,Capital Goods,1.0,0.0
1161,1161,2024-09-17,49962.30078125,50199.94921875,49500.0,49896.80078125,4617,50505.8203125,50131.81015625,50338.23333333333,50825.6275390625,50973.30796875,51050.07669270833,1.6382148997642354,0.0077758143713419,-0.0013109884648182,0.004756555118238,-0.0092529922365683,Capital Goods,1.0,1.0
1162,1162,2024-09-18,49642.8515625,50084.25,49500.0,50024.5,5032,50184.6109375,50066.08515625,50257.4234375,50687.8576171875,50907.08609375,50999.57174479167,1.5898642807563854,-0.0063938052042207,0.0076878830584401,0.0088914803160387,-0.0028775857551243,Capital Goods,1.0,0.0
1163,1163,2024-09-19,49620.80078125,49999.80078125,49051.1015625,49700.0,6088,49848.5609375,50055.575390625,50165.2734375,50558.2701171875,50848.9021875,50934.456770833334,1.5865267583570002,-0.0004441884492118,0.0015960890897175,0.0076379259107646,-0.0114810565283192,Capital Goods,1.0,0.0
1164,1164,2024-09-20,49559.94921875,50124.94921875,49151.0,49650.0,19586,49672.540625,50109.08046875,50071.340104166666,50422.5326171875,50775.928125,50870.516796875,1.5773164972520186,-0.001226331730684,0.0018170071331697,0.0114003345222606,-0.008251606896225,Capital Goods,1.0,0.0
1165,1165,2024-09-23,49444.5,50279.94921875,49175.1484375,50279.94921875,2256,49646.08046875,50105.0953125,50022.17682291667,50284.292578125,50671.93609375,50786.93841145833,1.5598425425108626,-0.002329486219617,0.0168967067874081,0.0168967067874081,-0.0054475535701645,Capital Goods,1.0,0.0
1166,1166,2024-09-24,49817.94921875,50400.0,49386.44921875,49600.0,3515,49617.21015625,50061.515234375,49960.27682291667,50157.9775390625,50583.9440625,50747.291666666664,1.6163663961775434,0.0075528970613516,-0.004374913503424,0.0116835556336174,-0.0086615367907917,Capital Goods,1.0,1.0
1167,1167,2024-09-25,49540.25,50300.0,49425.0,49840.0,7466,49596.68984375,49890.650390625,49909.62005208333,50092.2400390625,50469.6240625,50688.68671875,1.5743348984105483,-0.0055742804170967,0.0060506355942895,0.0153360146547505,-0.0023263911667785,Capital Goods,1.0,0.0
1168,1168,2024-09-26,49207.75,49990.0,49080.8515625,49785.0,4188,49514.0796875,49681.3203125,49875.076822916664,50002.475,50349.43203125,50626.43177083333,1.5240089627797853,-0.006711714212181,0.0117308757258765,0.0158968861612245,-0.0025788303163627,Capital Goods,1.0,0.0
1169,1169,2024-09-27,48840.69921875,49497.19921875,48607.05078125,49267.75,3211,49370.2296875,49521.38515625,49862.796875,49896.0625,50212.07203125,50541.64505208333,1.4684535522823148,-0.0074592067560496,0.0087437483099352,0.0134416585041019,-0.0047838880531485,Capital Goods,1.0,0.0
1170,1170,2024-09-30,48979.5,49480.6015625,48499.94921875,49252.44921875,4665,49277.2296875,49461.655078125,49829.14010416667,49835.9400390625,50082.88,50439.485026041664,1.4894619107264868,0.0028419081518127,0.0055727236650027,0.0102308427505384,-0.0097908468083586,Capital Goods,1.0,1.0
1171,1171,2024-10-01,49351.6484375,49650.25,48600.0,48979.5,7278,49183.96953125,49400.58984375,49769.0,49766.2,49963.1759375,50350.614973958334,1.5457888830895368,0.0075980448452924,-0.0075407498894651,0.0060504881185103,-0.0152304626349392,Capital Goods,1.0,1.0
1172,1172,2024-10-03,48587.3515625,49351.6484375,48400.05078125,49351.6484375,1980,48993.38984375,49295.03984375,49591.56354166667,49680.5625,49872.47,50223.58502604167,1.4301078144157215,-0.0154867547325784,0.015730367069233,0.015730367069233,-0.0038549288081501,Capital Goods,1.0,0.0
1173,1173,2024-10-04,48223.0,48869.6015625,47600.0,48644.94921875,4130,48796.43984375,49155.259765625,49386.36015625,49605.417578125,49761.26796875,50090.6,1.3749609474041635,-0.0074988973628521,0.0087499578779834,0.0134085718951537,-0.0129191464653796,Capital Goods,1.0,0.0
1174,1174,2024-10-07,47453.8515625,48567.44921875,46827.94921875,48480.19921875,5089,48519.0703125,48944.65,49187.28020833333,49526.865234375,49620.6640625,49929.905078125,1.258545564678969,-0.0159498255500487,0.0216283319995265,0.0234669604169708,-0.0131897058540262,Capital Goods,1.0,0.0
1175,1175,2024-10-08,48198.30078125,48393.0,46893.05078125,47358.0,2904,48362.83046875,48820.030078125,49095.380208333336,49462.5626953125,49541.318125,49796.205078125,1.3712225675757646,0.0156878566067394,-0.017434240785038,0.0040395452867447,-0.0270808302127482,Capital Goods,1.0,1.0
1176,1176,2024-10-09,49417.1015625,49500.0,48273.6484375,48392.8984375,4342,48375.92109375,48779.9453125,49059.03359375,49420.7302734375,49488.14421875,49698.633463541664,1.5556956191965514,0.0252872147252986,-0.0207256818513453,0.0016775252873775,-0.0231388140713558,Capital Goods,1.0,1.0
1177,1177,2024-10-10,50120.75,50549.8984375,49320.6484375,49417.1015625,6179,48682.60078125,48837.9953125,49090.89348958333,49364.3228515625,49480.97015625,49674.158463541666,1.662197170992979,0.0142389661726733,-0.0140390644094511,0.0085622908176752,-0.0159634794471351,Capital Goods,1.0,1.0
1178,1178,2024-10-11,50303.6484375,50507.3515625,49902.0,50507.3515625,1381,49098.73046875,48947.58515625,49136.416666666664,49314.452734375,49504.08015625,49650.845052083336,1.6898799830007751,0.0036491560381678,0.0040494701940574,0.0040494701940574,-0.0079844792569873,Capital Goods,1.0,1.0
1179,1179,2024-10-14,50041.1015625,50580.0,49650.0,50350.0,1781,49616.18046875,49067.625390625,49168.493489583336,49294.5052734375,49544.72828125,49619.916796875,1.6501418863652622,-0.0052192412112255,0.0061728944378691,0.0107691161999488,-0.0078156065771558,Capital Goods,1.0,0.0
1180,1180,2024-10-15,49776.80078125,50595.0,49615.0,50595.0,2457,49931.88046875,49147.35546875,49190.646875,49304.5052734375,49556.42625,49606.411848958334,1.610138325149178,-0.0052816739239821,0.0164373604954177,0.0164373604954177,-0.0032505259219259,Capital Goods,1.0,0.0
1181,1181,2024-10-16,49698.75,49999.8984375,49500.0,49550.0,1091,49988.21015625,49182.065625,49182.70026041667,49291.327734375,49534.22625,49571.488541666666,1.5983248556961906,-0.0015680152204438,-0.0029930330239693,0.0060594770995245,-0.0039990945446314,Capital Goods,1.0,0.0
1182,1182,2024-10-17,49569.1484375,49850.0,49000.0,49698.75,2159,49877.88984375,49280.2453125,49184.62682291667,49287.642578125,49467.03625,49547.1234375,1.5787088560209384,-0.0026077429009783,0.0026145610038754,0.0056658540917666,-0.0114819087162172,Capital Goods,1.0,0.0
1183,1183,2024-10-18,51677.44921875,51850.0,49120.1015625,49600.0,8957,50152.65,49625.690234375,49349.2734375,49390.475,49482.0921875,49612.175130208336,1.8978132452163536,0.0425325196761909,-0.0402003049716362,0.0033389957100937,-0.0494867238014163,Capital Goods,1.0,1.0
1184,1184,2024-10-21,51578.1015625,51977.6484375,50600.1015625,51677.44921875,3439,50460.05,50038.115234375,49531.766927083336,49491.3826171875,49527.61421875,49697.281901041664,1.882776361747167,-0.0019224566566639,0.0019261596150377,0.0077464439926282,-0.0189615354263262,Capital Goods,1.0,0.0
1185,1185,2024-10-22,51316.25,51999.0,51051.05078125,51260.0,5352,50767.93984375,50349.91015625,49687.55026041667,49584.9701171875,49597.1921875,49758.34518229167,1.8431435049676483,-0.0050767972175691,-0.001096144008964,0.0133047523932476,-0.0051679383967067,Capital Goods,1.0,0.0
1186,1186,2024-10-23,50616.75,51324.0,50100.0,51316.25,3060,50951.53984375,50469.875,49771.890364583334,49624.91015625,49623.37015625,49770.44518229167,1.737269844896313,-0.0136311597203614,0.0138195360231543,0.0139726473943901,-0.0102090711078842,Capital Goods,1.0,0.0
1187,1187,2024-10-24,50523.1015625,51522.80078125,50275.05078125,50615.0,3557,51142.33046875,50510.11015625,49900.94036458333,49674.052734375,49658.58015625,49746.251953125,1.7230955735051956,-0.0018501471844794,0.0018189389538232,0.0197869724508761,-0.0049096507058884,Capital Goods,1.0,0.0
1188,1188,2024-10-25,49366.44921875,50899.80078125,48836.05078125,50560.0,6407,50680.13046875,50416.390234375,49977.1703125,49681.9876953125,49648.40609375,49681.765234375,1.5480290730578752,-0.0228935340067979,0.0241773674254188,0.0310606006055953,-0.0107441075040606,Capital Goods,1.0,0.0
1189,1189,2024-10-28,48840.1015625,49999.0,48745.05078125,49366.44921875,4034,50132.53046875,50296.290234375,50069.58697916667,49681.9578125,49619.6121875,49628.43359375,1.468363093304971,-0.0106620521544435,0.0107769566280782,0.0237284198931686,-0.0019461626452264,Capital Goods,1.0,0.0
1190,1190,2024-10-29,48967.25,49499.94921875,48073.0,48840.1015625,2266,49662.73046875,50215.33515625,50120.850260416664,49681.3453125,49600.5221875,49608.115234375,1.4876077973085111,0.0026033614475041,-0.0025966015551209,0.0108786835844365,-0.0182622058620812,Capital Goods,1.0,1.0
1191,1191,2024-10-30,45193.30078125,47278.69921875,44500.0,46011.05078125,67637,48578.040625,49764.790234375,49839.26354166667,49473.4279296875,49415.53625,49449.14856770833,0.9163971944315726,-0.0770708834731376,0.0180944959952842,0.0461439727005998,-0.015340786560508,Capital Goods,1.0,0.0
1192,1192,2024-10-31,45771.30078125,46714.3515625,45302.30078125,45525.25,29687,47627.68046875,49385.00546875,49549.30026041667,49332.625390625,49264.77828125,49320.096875,1.0038810765205386,0.0127895061880455,-0.0053756562966371,0.0206035390114216,-0.0102465953991878,Capital Goods,1.0,1.0
1193,1193,2024-11-01,46291.1484375,46599.0,46010.25,46599.0,1331,47012.6203125,48846.375390625,49281.80026041667,49236.0328125,49148.11421875,49209.10846354167,1.0825632409904355,0.0113575023514069,0.0066503332254901,0.0066503332254901,-0.0060680809826797,Capital Goods,1.0,1.0
1194,1194,2024-11-04,45397.80078125,45999.3984375,45111.1015625,45111.1015625,14994,46324.16015625,48228.3453125,48972.246875,49133.2302734375,49010.39828125,49070.37018229167,0.9473495367969594,-0.0192984552426076,-0.0063152666828832,0.0132516916215568,-0.0063152666828832,Capital Goods,1.0,0.0
1195,1195,2024-11-05,45013.1015625,45692.44921875,44750.0,45692.44921875,5785,45533.33046875,47598.03046875,48654.66692708333,48973.9703125,48851.74234375,48922.656901041664,0.8891229259096889,-0.0084739615604658,0.0150922205462056,0.0150922205462056,-0.0058449996415973,Capital Goods,1.0,0.0
1196,1196,2024-11-06,45155.8515625,45785.44921875,44744.0,45013.1015625,7128,45525.840625,47051.940625,48351.80703125,48760.9078125,48683.91046875,48767.253645833334,0.9107290230865054,0.0031712989117578,-0.0031612735683308,0.0139427700832654,-0.0091206687117827,Capital Goods,1.0,1.0
1197,1197,2024-11-07,44375.0,45530.3984375,44201.0,45200.0,3389,45246.58046875,46437.13046875,48005.53046875,48473.6203125,48515.41640625,48595.07864583333,0.7925422998637806,-0.0172923671125817,0.0185915492957746,0.026037147887324,-0.0039211267605633,Capital Goods,1.0,0.0
1198,1198,2024-11-08,43761.44921875,44538.3515625,43600.0,44375.0,3348,44740.640625,45876.63046875,47477.797135416666,48146.5103515625,48336.954375,48413.53528645833,0.6996775867107218,-0.0138264964788732,0.0140203487819392,0.017753121928538,-0.003689302379886,Capital Goods,1.0,0.0
1199,1199,2024-11-11,43647.94921875,44099.94921875,43511.44921875,43819.94921875,2466,44390.6703125,45357.415234375,46949.1203125,47826.852734375,48184.71828125,48240.443619791666,0.6824986583074386,-0.0025936069766028,0.0039406204204002,0.0103555838954705,-0.0031272946940966,Capital Goods,1.0,0.0
1200,1200,2024-11-12,43231.55078125,43997.05078125,43201.0,43997.05078125,1652,44034.36015625,44783.8453125,46410.140364583334,47499.590234375,47986.04828125,48048.8453125,0.6194741742100689,-0.0095399313129957,0.0177069752568765,0.0177069752568765,-0.0007066778937583,Capital Goods,1.0,0.0
1201,1201,2024-11-13,41987.75,43605.8515625,41690.1015625,43299.0,5691,43400.73984375,44463.290234375,45834.873697916664,47114.040234375,47688.87421875,47803.38203125,0.4312172176546384,-0.0287706723162346,0.0312293466546791,0.0385374677733385,-0.0070889351656138,Capital Goods,1.0,0.0
1202,1202,2024-11-14,42104.8515625,42853.55078125,41812.0,42250.0,2970,42946.71015625,44096.6453125,45273.65703125,46740.825390625,47368.23828125,47587.29869791667,0.4489412648625686,0.0027889458830254,0.003447309089418,0.0177817802691606,-0.0069552926000771,Capital Goods,1.0,1.0
1203,1203,2024-11-18,41615.1015625,42324.94921875,41270.0,42000.1484375,6537,42517.440625,43629.040625,44756.90052083333,46237.7080078125,47020.69640625,47367.035416666666,0.3748145671928954,-0.0116316762041785,0.0092525756406411,0.0170574534146914,-0.0082927002348344,Capital Goods,1.0,0.0
1204,1204,2024-11-19,42001.05078125,42740.94921875,41500.0,41500.0,5390,42188.0609375,43289.365625,44300.96380208333,45758.85546875,46699.094375,47185.275390625,0.4332303733268981,0.0092742587248131,-0.0119294820469986,0.0176161887318853,-0.0119294820469986,Capital Goods,1.0,1.0
1205,1205,2024-11-21,41195.6484375,42326.0,41115.75,42145.0,5820,41780.88046875,42907.6203125,43782.85703125,45252.825390625,46355.84828125,46951.85364583333,0.3113277372113239,-0.0191757665289065,0.0230449476706333,0.0274386156153096,-0.0019394873131131,Capital Goods,1.0,0.0
1206,1206,2024-11-22,41019.69921875,41498.25,40960.0,41195.6484375,4575,41587.2703125,42494.005078125,43504.616927083334,44772.9728515625,46008.68625,46671.940234375,0.2846967325283296,-0.0042710632171973,0.0042893834450539,0.0116663649506054,-0.0014553792418524,Capital Goods,1.0,0.0
1207,1207,2024-11-25,41413.0,41977.6015625,41297.75,41300.55078125,3257,41448.9,42197.805078125,43214.06354166667,44317.4677734375,45682.4403125,46381.681901041666,0.344225243207176,0.0095880952015909,-0.0027153120698814,0.0136334378697511,-0.0027829425542703,Capital Goods,1.0,1.0
1208,1208,2024-11-26,41461.1484375,41784.6484375,41306.3984375,41555.25,3548,41418.109375,41967.775,42892.06354166667,43922.202734375,45273.78828125,46086.931901041666,0.3515128076172417,0.0011626406563156,0.0022696323195643,0.0078024852709435,-0.0037324098784498,Capital Goods,1.0,1.0
1209,1209,2024-11-27,41410.75,42589.0,41125.05078125,41603.55078125,4507,41300.04921875,41744.055078125,42626.26015625,43550.73515625,44867.09421875,45799.253515625,0.3438846917630581,-0.0012155581646748,0.0046558147642821,0.028452756832465,-0.0068991558653248,Capital Goods,1.0,0.0
1210,1210,2024-11-28,40946.94921875,42690.0,40790.1015625,41410.75,6152,41250.309375,41515.594921875,42355.183333333334,43149.7201171875,44452.3221875,45504.925130208336,0.273685569168516,-0.0112000092065466,0.0113268702577142,0.0425685140042579,-0.0038305089693514,Capital Goods,1.0,0.0
1211,1211,2024-11-29,40835.1484375,41485.44921875,40420.05078125,41003.80078125,6337,41213.39921875,41400.334765625,42067.136458333334,42931.8125,44061.058125,45209.47174479167,0.2567638280537594,-0.0027303812221205,0.004130077891308,0.0159250255266076,-0.0101652050288325,Capital Goods,1.0,0.0
1212,1212,2024-12-02,40749.5,41496.5,40253.05078125,41050.0,9590,41080.69921875,41264.799609375,41825.43645833333,42680.7224609375,43670.1140625,44915.48346354167,0.2438004062417279,-0.0020974195215939,0.0073743236113326,0.0183315132701014,-0.0121829523981888,Capital Goods,1.0,0.0
1213,1213,2024-12-03,41160.44921875,42125.30078125,40820.0,41182.0,8015,41020.559375,41219.334375,41652.036458333336,42424.1875,43341.8740625,44564.916796875,0.3060001173103746,0.0100847671443821,0.0005235798359601,0.0234412301326507,-0.0082712707274077,Capital Goods,1.0,1.0
1214,1214,2024-12-04,40855.55078125,41849.75,40640.0,41438.8984375,5261,40909.51953125,41104.784375,41465.8765625,42197.075,43022.49203125,44207.4984375,0.2598518492215164,-0.0074075585492178,0.0142782962191203,0.0243344955517346,-0.0052759240085663,Capital Goods,1.0,0.0
1215,1215,2024-12-05,40992.80078125,41300.0,40500.6015625,41155.8984375,9692,40918.68984375,41084.499609375,41316.6265625,41996.0599609375,42703.5140625,43863.383463541664,0.2806254873127112,0.0033593966395133,0.0039786902368623,0.0074939797451096,-0.0120069673057111,Capital Goods,1.0,1.0
1216,1216,2024-12-06,40586.94921875,41257.6484375,40500.0,41139.0,3782,40869.05,41041.224609375,41223.23984375,41767.61484375,42519.26,43529.05677083333,0.2191973381096444,-0.0099005570433146,0.0136016821139877,0.0165249971150862,-0.0021422950092004,Capital Goods,1.0,0.0
1217,1217,2024-12-09,40776.6015625,41220.0,40500.1484375,40924.0,5620,40874.4703125,40977.584765625,41134.68984375,41587.694921875,42319.47203125,43204.1734375,0.2479023956849403,0.0046727420365555,0.0036147798455954,0.0108738448156446,-0.0067796999849599,Capital Goods,1.0,1.0
1218,1218,2024-12-10,41390.30078125,41744.3984375,40920.0,41172.0,6958,40920.440625,40970.5,41119.703125,41469.1375,42123.438125,42938.30182291667,0.3407895757735486,0.0150502787195092,-0.005274201373982,0.0085550877757913,-0.0113625842860037,Capital Goods,1.0,1.0
1219,1219,2024-12-11,41699.69921875,41791.44921875,41217.3515625,41390.30078125,3072,41089.2703125,40999.394921875,41099.613020833334,41371.725,41975.5140625,42700.288411458336,0.3876189467506426,0.007475143491592,-0.007419680316564,0.0022002556785527,-0.0115671735117244,Capital Goods,1.0,1.0
1220,1220,2024-12-12,40882.3515625,41798.8984375,40801.0,41798.8984375,3957,41067.18046875,40992.93515625,41078.7265625,41254.2650390625,41810.2840625,42430.791796875,0.2639083135584839,-0.0196008045996285,0.0224191329502854,0.0224191329502854,-0.0019898944016376,Capital Goods,1.0,0.0
1221,1221,2024-12-13,40702.44921875,41086.30078125,40500.0,40880.80078125,4473,41090.28046875,40979.665234375,41057.5765625,41190.0,41632.14796875,42281.09674479167,0.236678978907699,-0.0044004891322107,0.0043818385852278,0.0094306748087085,-0.0049738829636998,Capital Goods,1.0,0.0
1222,1222,2024-12-16,40874.1015625,41248.0,40527.6484375,40900.0,3392,41109.78046875,40992.125390625,41021.65,41128.4625,41492.11203125,42117.856770833336,0.2626596249300514,0.0042172485205368,0.000633614844363,0.0091475634498847,-0.0084761037369895,Capital Goods,1.0,1.0
1223,1223,2024-12-17,40512.8984375,41361.6484375,40178.6484375,41029.1015625,9380,40934.3,40927.3703125,40958.433333333334,41073.35234375,41362.17,41925.2484375,0.2079892934462,-0.008836967937942,0.012741698197584,0.0209501179311912,-0.0082504588141392,Capital Goods,1.0,0.0
1224,1224,2024-12-18,39813.94921875,40683.0,39666.6015625,40610.0,4239,40557.15,40823.21015625,40851.97994791667,40963.997265625,41208.81,41739.12005208333,0.1021989975304562,-0.0172525108226527,0.0199942682620166,0.0218277964960262,-0.0037009053143768,Capital Goods,1.0,0.0
1225,1225,2024-12-19,40884.6015625,41625.3984375,39336.6015625,39336.6015625,27279,40557.6,40812.390234375,40847.8234375,40948.444921875,41114.93203125,41601.50338541667,0.2642488650026018,0.0268913876859466,-0.037862665669704,0.0181192147333892,-0.037862665669704,Capital Goods,1.0,1.0
1226,1226,2024-12-20,41077.80078125,41499.8984375,40902.69921875,41184.0,16122,40632.6703125,40861.475390625,40864.000260416666,40951.35,41078.5340625,41465.568359375,0.2934907640905003,0.0047254763741468,0.0025853189978581,0.0102755660775946,-0.0042626810386579,Capital Goods,1.0,1.0
1227,1227,2024-12-23,40648.1484375,41449.0,40262.6484375,41449.0,6056,40587.4796875,40848.630078125,40857.243489583336,40913.107421875,41020.2659375,41341.33997395833,0.2284602191426233,-0.0104594777611881,0.0197020428551961,0.0197020428551961,-0.0094838268117609,Capital Goods,1.0,0.0
1228,1228,2024-12-24,41005.94921875,41438.94921875,40581.19921875,41000.0,55967,40686.08984375,40810.194921875,40846.94348958333,40890.3474609375,40995.89984375,41249.489973958334,0.2826155848142755,0.0088023881776595,-0.0001450818445456,0.0105594434039344,-0.0103582530850373,Capital Goods,1.0,1.0
1229,1229,2024-12-26,42228.25,42555.0,40677.8984375,41006.19921875,12639,41168.95,40863.05,40938.456770833334,40931.2224609375,41004.9878125,41202.166666666664,0.4676183831259123,0.0298078889658065,-0.0289391765287455,0.0077377111293979,-0.036713611444945,Capital Goods,1.0,1.0
1230,1230,2024-12-27,41315.6015625,42612.1015625,41114.30078125,42270.05078125,10093,41255.15,40906.375,40959.976822916666,40949.655078125,41009.7859375,41138.30169270833,0.329483386075862,-0.0216122722940211,0.0231014237395565,0.0313803975004145,-0.0048722703685067,Capital Goods,1.0,0.0
1231,1231,2024-12-30,41537.44921875,42301.0,41069.0,41315.5,7433,41347.0796875,40989.875,41023.343489583334,40984.7701171875,41030.4959375,41123.291666666664,0.3630614037248039,0.0053695855284692,-0.0053433521538874,0.0183822260541057,-0.0112777560384844,Capital Goods,1.0,1.0
1232,1232,2024-12-31,41956.05078125,42239.94921875,41319.44921875,41537.44921875,3096,41608.66015625,41098.069921875,41101.9734375,41045.09765625,41052.21796875,41118.331640625,0.4264193444445391,0.0100776906231171,-0.0099771440520581,0.0067665672105361,-0.0151730572979593,Capital Goods,1.0,1.0
1233,1233,2025-01-01,42136.6015625,42469.19921875,41949.94921875,41950.0,3866,41834.790625,41260.440234375,41151.726822916666,41093.9052734375,41079.23609375,41135.71497395833,0.4537468241295663,0.0043033311736453,-0.0044284910405795,0.0078933194400281,-0.0044296961982837,Capital Goods,1.0,1.0
1234,1234,2025-01-02,42370.1015625,42679.94921875,42086.25,42256.25,2719,41863.1609375,41516.05546875,41196.4203125,41169.6328125,41117.61015625,41148.01666666667,0.4890884962191399,0.005541500532587,-0.002687073155396,0.0073128844355716,-0.0066993363724014,Capital Goods,1.0,1.0
1235,1235,2025-01-03,43082.80078125,43732.55078125,42430.0,42454.1484375,5732,42216.60078125,41735.875390625,41343.116927083334,41274.1328125,41203.04421875,41210.92174479167,0.5969599398489379,0.0168208050598769,-0.0145917241300522,0.0150814243321613,-0.01515223637768,Capital Goods,1.0,1.0
1236,1236,2025-01-06,41760.0,43325.0,41479.3984375,43082.80078125,4182,42261.1109375,41804.0953125,41413.6203125,41332.7853515625,41240.03828125,41235.5984375,0.3967458437000328,-0.0307036858621711,0.0316762639188219,0.0374760536398468,-0.0067193860751916,Capital Goods,1.0,0.0
1237,1237,2025-01-07,42687.6484375,42998.75,42136.44921875,42136.44921875,3217,42407.43046875,42008.0453125,41534.5234375,41428.3376953125,41317.56421875,41278.08671875,0.5371511837108695,0.0222138035799808,-0.0129123818932547,0.0072878589917055,-0.0129123818932547,Capital Goods,1.0,1.0
1238,1238,2025-01-08,41907.1484375,43200.0,41750.05078125,42567.0,4402,42361.53984375,42098.165234375,41627.4734375,41454.180078125,41347.4321875,41292.953385416666,0.4190176716512881,-0.0182839774166231,0.0157455610105301,0.03085038258874,-0.0037487078483589,Capital Goods,1.0,0.0
1239,1239,2025-01-09,42151.69921875,42499.94921875,41906.44921875,41910.0,2018,42317.859375,42090.51015625,41783.3234375,41476.780078125,41399.278125,41317.651692708336,0.4560319479690036,0.0058355385743967,-0.0057340326304683,0.0082618258920648,-0.0058182707825669,Capital Goods,1.0,1.0
